ACQUISITION INFORMATION

Detector ID:  1
Detector description:
LAB4D1 Easy-MCA-2k SN 18162513
Sample description:

Real Time:  553.219988
Live Time:  551.079988
Acquisition start date:  05Nov2019
Acquisition start time:  17:52:07
Starting channel number:   0
Number of channels:   2048


CALIBRATION INFORMATION

ENERGY CALIBRATION
Units:
Energy Fit:  0.000000E+000  1.000000E+000  0.000000E+000
FWHM Fit:  1.000000E+000  0.000000E+000  0.000000E+000
Efficiency Terms:  0.000000  0.000000  0.000000  0.000000  0.000000
  0.000000  0.000000  0.000000  0.000000  0.000000


SPECTRUM
     0:          0          0          1          0          0
     5:          0          0          0          0        210
    10:       4263       4278       1006        188        146
    15:        182        182        236        211        230
    20:        246        288        301        283        332
    25:        337        379        385        428        396
    30:        443        432        503        453        451
    35:        398        403        442        404        369
    40:        355        316        282        296        315
    45:        275        291        244        286        247
    50:        238        228        214        189        170
    55:        160        157        137        154        150
    60:        149        157        177        167        224
    65:        227        187        250        269        291
    70:        282        348        399        469        558
    75:        572        608        684        665        726
    80:        752        816        840        899        947
    85:        945        929       1044       1033       1173
    90:       1189       1205       1272       1314       1280
    95:       1313       1238       1183       1081        981
   100:        872        819        633        517        492
   105:        370        312        295        253        234
   110:        261        252        223        233        239
   115:        253        220        240        234        250
   120:        248        235        239        249        252
   125:        261        283        248        251        239
   130:        261        246        243        262        236
   135:        253        246        257        260        260
   140:        251        230        218        273        225
   145:        241        221        238        222        227
   150:        231        225        233        240        235
   155:        258        231        240        240        248
   160:        231        233        220        204        215
   165:        237        200        207        222        231
   170:        223        229        214        221        232
   175:        225        232        226        213        219
   180:        217        226        199        203        205
   185:        224        183        220        205        219
   190:        204        203        199        204        184
   195:        217        184        186        215        196
   200:        175        183        190        201        204
   205:        177        177        200        184        176
   210:        166        180        170        200        165
   215:        165        184        178        155        173
   220:        192        186        164        174        162
   225:        168        180        191        160        182
   230:        156        150        160        177        154
   235:        139        164        148        139        130
   240:        159        141        154        138        143
   245:        170        162        152        165        170
   250:        162        123        151        148        133
   255:        133        141        155        134        140
   260:        124        137        126        126        152
   265:        114        139        144        114        133
   270:        139        113        132        135        132
   275:        129        114        134        120        129
   280:        103        119        107        103        108
   285:        124        114        114        130        126
   290:        125        119        121         96        108
   295:        119        113        109        111         96
   300:        116        108        112        102        105
   305:        125        105         97        109         90
   310:         82         76        104        112         85
   315:         87        106         93         98         76
   320:        103        110         76         92        118
   325:        104        100        103        103        105
   330:         96         96         99         89        111
   335:        107        109         86         81         90
   340:         94         95         93         96         93
   345:         83         77         86         83         86
   350:         87         89         83         85         84
   355:         98         71         90         68         85
   360:         85         85         70         74         69
   365:         83         81         61         96         62
   370:         70         69         75         63         73
   375:         65         75         80         63         58
   380:         60         50         64         60         64
   385:         69         70         45         56         44
   390:         67         54         56         60         65
   395:         72         64         55         66         60
   400:         60         57         45         56         64
   405:         55         48         55         66         46
   410:         56         46         46         56         61
   415:         54         49         45         47         59
   420:         63         54         69         49         43
   425:         57         61         61         52         58
   430:         52         49         46         52         44
   435:         45         48         36         57         48
   440:         53         63         65         43         45
   445:         58         50         54         39         37
   450:         37         39         43         33         40
   455:         39         39         42         39         33
   460:         29         51         48         46         52
   465:         46         41         44         50         39
   470:         46         27         44         34         43
   475:         42         43         48         42         43
   480:         37         37         42         34         41
   485:         34         39         37         39         50
   490:         35         46         33         42         42
   495:         42         36         37         37         38
   500:         35         41         44         26         42
   505:         36         45         27         36         36
   510:         45         27         30         39         28
   515:         41         32         33         25         24
   520:         31         35         28         30         28
   525:         21         14         28         38         23
   530:         28         27         20         23         31
   535:         24         32         26         20         26
   540:         35         34         27         23         27
   545:         21         24         26         26         32
   550:         28         22         21         28         19
   555:         27         24         19         31         18
   560:         23         29         25         24         21
   565:         22         17         24         17         20
   570:         28         25         22         26         22
   575:         24         11         21         21         26
   580:         17         28         16         17         20
   585:         23         19         25         18         16
   590:         17         18         23         11         25
   595:         20         22         19         22         20
   600:         24         28         21         19         23
   605:         20         24         12         21         16
   610:         20         12         17         13         22
   615:         23         20         19         11         23
   620:         15         11         14         18         14
   625:         14         19         18         15         16
   630:         19         21         17         25         24
   635:         15         20         11         17         28
   640:         19         15         15         26         19
   645:         21         19         16         13         21
   650:         25         22         23         10         19
   655:         15         17          7         17         20
   660:         24         15         13         12         17
   665:         14         15         20         17         23
   670:         18         15         13         26         20
   675:         14         23         24         19         20
   680:         16         15         14         18         16
   685:         13         17         15         23         16
   690:         19         11         21         17         26
   695:         14         14         12         22         14
   700:         20         12         20         12         14
   705:         13         15         19         13         15
   710:         13         17         13         12         20
   715:         19         16         18         20         15
   720:         13         20         16         13         19
   725:         16          9         15         16         14
   730:         23         14         15         19         11
   735:         17          8         15         23         11
   740:         16         15          7         16         13
   745:         17         10         11         12         17
   750:         15         13         16         19         14
   755:         14         12         14         13         10
   760:         12         13          9         12         15
   765:         14         11         20         10         11
   770:         14         14         11         13         13
   775:         12         18         12         11         12
   780:          8          8         13         10         14
   785:         19          9         15         15         15
   790:         12         11         21         16         18
   795:          8         10         13         12         15
   800:          9         10         17         17         13
   805:         22         16         15         18         15
   810:         18         14         16         25         15
   815:         21         16         12         13         15
   820:         10         16         19         10         13
   825:         13         13         15         11         12
   830:         18         11         14         25         20
   835:         13         16         16         11         17
   840:         16         19         17         15         13
   845:         10         21         11         16          8
   850:         13         19         17         14         20
   855:         11         13         22         13         15
   860:         16         22         11         10         22
   865:         12         10         14         16         17
   870:         17         12         17         16         16
   875:         13         20         17         11         21
   880:         11         10         12          8         11
   885:          7         12         14          6         10
   890:          9          8         11          8         14
   895:         12          7         19          9         13
   900:          8         12          8          8         12
   905:          7         15          7         12          7
   910:          9         11         10         10         11
   915:         10         11          8         13          9
   920:         12          2         11         11          8
   925:         15         14         14          9         10
   930:          9          9          9          9         11
   935:          8          7          8          9          9
   940:          7         11          8          4         10
   945:         13         10         12          7          9
   950:          8          8          7          7          8
   955:          7          8          8          4          5
   960:         10         12          5          7          9
   965:          9          9         10          6         11
   970:          4         11         10         15          2
   975:          6          9         11          7          7
   980:          6          6          8          4          7
   985:         11         13          8         11          7
   990:          9          9         10          5          9
   995:          5          5         12          6          9
  1000:          5         10          9          8          9
  1005:          7          5          4         10         11
  1010:          8          9         10          9          6
  1015:          9          9          9          8          5
  1020:          7          8         10          9          7
  1025:          6          5          8          8          6
  1030:          6          8          3          5          3
  1035:          9          7         12          8          7
  1040:          6         12          6          9          7
  1045:          5          3          8         10         16
  1050:          7          8          3          7          5
  1055:          4          4         11          6          6
  1060:         11          8          8          5          7
  1065:          4          4          8          6          9
  1070:          9         11          6          9          5
  1075:          7          4          7          4          6
  1080:          5          9          8          2          7
  1085:          3          3          7          6          6
  1090:          7          5          7          7          7
  1095:          8          5          5          9          4
  1100:          2          6          7          5         11
  1105:          8         12          6          2          1
  1110:          2         11          4          2          8
  1115:          7          8          9          5          7
  1120:          6          3         10          3         10
  1125:          4          9          4          6          7
  1130:          5          8          5          6          9
  1135:          7          6          6          5          5
  1140:          2          9          4          2          6
  1145:          3          5          6          6          8
  1150:          3          7          5          5          5
  1155:          4          4          6          3          3
  1160:          7          5          4          5          7
  1165:          7          7          8          9          6
  1170:          3          6          9          7          7
  1175:          6          4          5          6         11
  1180:          4          8          8          8          5
  1185:          6          4          4          6          5
  1190:          5          2          5          4          5
  1195:          7          6          8          9          8
  1200:          3          6          3          9          6
  1205:          4          8          7          6          8
  1210:          3          6          5          5          7
  1215:          7          0          1          4          4
  1220:          3          3          4          4          8
  1225:          5          3          6          5          5
  1230:          4          6          6          5          9
  1235:          7          7         12          6          3
  1240:          2          7          2          5          6
  1245:          7          6          7          7          5
  1250:          6          6          9         10          5
  1255:          5          6          7          5          9
  1260:         10          7          5          7          5
  1265:          8          5          5          7          3
  1270:          9          6          9          4          4
  1275:          9          5          4          7          3
  1280:          7         11          3          9          7
  1285:          6         11         11          7          4
  1290:          8          7          3          8          5
  1295:          5          8          3          1          6
  1300:          7         10          8          3          2
  1305:          4          3          6          6          5
  1310:          3          8          2          9          8
  1315:          3          6          4          5          2
  1320:          5          5          8          6          8
  1325:          5          6          5          7          5
  1330:          7          4          5          7          8
  1335:          5          5          4          6          5
  1340:          4          2          5          4          6
  1345:          5          3          4          4          3
  1350:          0          3          3         10         11
  1355:          4          6          3          6          5
  1360:          4          3          4          3          5
  1365:          5          5          3          3          5
  1370:          5          6          6         11          1
  1375:          8          4          8          4          4
  1380:          3          4          2          6          2
  1385:          8          6          2          3          5
  1390:          5          3          8         10          5
  1395:          3          5          2          6          7
  1400:          4          4          5          7          3
  1405:          5          6          4          5          1
  1410:          9          3          2          3          6
  1415:          2          4          4          6          3
  1420:          3          5          1          4          3
  1425:          5          6          3          6          2
  1430:          4          1          5          3          3
  1435:          3          3          6          2          5
  1440:          2          4          5          5          2
  1445:          2          2          3          6          2
  1450:          3          9          3          3          4
  1455:          0          6          5          7          2
  1460:          1          5          6          1          4
  1465:          5          6          6          5          3
  1470:          5          9          5          3          4
  1475:          7          2          9          4          3
  1480:          4          3          6          4          3
  1485:          3          5          7          7          4
  1490:          2          3          4          7          3
  1495:          4          5          2          6          7
  1500:          6          5          3          5          6
  1505:          2          6          4          4          3
  1510:          8          8          4          2          8
  1515:          5          8          2          9          3
  1520:          3          5          5          3          3
  1525:          2          6          6          6          5
  1530:          3          5          3          5          6
  1535:          3          4          3          6          5
  1540:          1          2          6          4          5
  1545:          2          3          4          7          4
  1550:          5          9          4          7          7
  1555:          6          3          3          6          3
  1560:          3          6          3          6          7
  1565:          4          4          4          4          5
  1570:          5          5          3          6          6
  1575:          4          3          2          4          3
  1580:          0          1          7          4          2
  1585:          2          3          4          6          7
  1590:          6          7          7          3          0
  1595:          2          4          4          3          8
  1600:          3          1          2          7          2
  1605:          2          3          2          2          9
  1610:          4          8          4          6          1
  1615:          1          4          5          4          8
  1620:          7          5          4          4          1
  1625:          9          5          4          4          7
  1630:          4          3          3          5          2
  1635:          2          2          3          6          4
  1640:          6          1          1          5          4
  1645:          1          3          3          5          2
  1650:          9          3          5          6          1
  1655:          4          0          1          4          4
  1660:          4          6          4          2          2
  1665:          4          1          3          1          3
  1670:          3          4          0          5          8
  1675:          1          4          2          3         10
  1680:          3          3          2          2          2
  1685:          4          5          4          3          3
  1690:          2          6          4          2          6
  1695:          4          5          2          3          4
  1700:          4          3          3          3          3
  1705:          1          2          0          4          2
  1710:          1          0          3          2          4
  1715:          0          2          2          4          4
  1720:          3          3          4          3          1
  1725:          3          2          5          2          2
  1730:          3          3          1          0          1
  1735:          0          1          2          0          4
  1740:          4          2          2          1          2
  1745:          2          5          1          2          1
  1750:          6          1          2          1          3
  1755:          2          4          2          1          2
  1760:          1          1          2          4          4
  1765:          1          1          1          4          0
  1770:          4          3          0          0          3
  1775:          0          2          3          3          2
  1780:          2          2          0          2          2
  1785:          2          4          4          3          4
  1790:          3          2          3          2          5
  1795:          1          4          2          3          0
  1800:          5          1          3          3          3
  1805:          4          2          2          1          0
  1810:          2          1          0          1          1
  1815:          2          3          1          1          4
  1820:          2          3          3          1          0
  1825:          1          0          1          1          1
  1830:          3          4          3          1          1
  1835:          2          2          1          3          0
  1840:          1          1          0          7          1
  1845:          1          1          1          2          4
  1850:          5          2          1          2          1
  1855:          3          3          1          1          3
  1860:          1          0          1          3          2
  1865:          2          2          3          2          4
  1870:          2          2          2          1          4
  1875:          3          2          1          2          3
  1880:          0          2          1          2          3
  1885:          1          1          0          1          5
  1890:          2          1          2          4          1
  1895:          1          3          2          1          2
  1900:          2          3          2          3          2
  1905:          6          1          1          1          3
  1910:          8          3          5          3          5
  1915:          6          2          4          1          5
  1920:          3          1          1          4          1
  1925:          6          3          4          5          7
  1930:          4          2          4          1          6
  1935:          3          9          2          3          1
  1940:          4          6          7          6          6
  1945:          2          5          3          4          6
  1950:          4          3         10          5         10
  1955:          7          1          5         11          5
  1960:          7          4          4          7          7
  1965:         10          3          8          7          9
  1970:          9         10          6          5          7
  1975:          5          8         15          9          9
  1980:          5          5          9         10         10
  1985:          7          6          5         10          5
  1990:          6          6          3          8          6
  1995:          9          6          7         10          4
  2000:         10          9          2          8          7
  2005:         11         10          7         10          6
  2010:          7          6          3          7          6
  2015:          5          0          0          0          0
  2020:          0          0          0          0          0
  2025:          0          0          0          0          0
  2030:          0          0          0          0          0
  2035:          0          0          0          0          0
  2040:          0          0          0          0          0
  2045:          0          0          0
