$SPEC_ID:
No sample description was entered.
$SPEC_REM:
DET# 1
DETDESC# LAB4D1 Easy-MCA-2k SN 18162513
AP# Maestro Version 7.01
$DATE_MEA:
11/05/2019 17:52:07
$MEAS_TIM:
551 553
$DATA:
0 2047
       0
       0
       1
       0
       0
       0
       0
       0
       0
     210
    4263
    4278
    1006
     188
     146
     182
     182
     236
     211
     230
     246
     288
     301
     283
     332
     337
     379
     385
     428
     396
     443
     432
     503
     453
     451
     398
     403
     442
     404
     369
     355
     316
     282
     296
     315
     275
     291
     244
     286
     247
     238
     228
     214
     189
     170
     160
     157
     137
     154
     150
     149
     157
     177
     167
     224
     227
     187
     250
     269
     291
     282
     348
     399
     469
     558
     572
     608
     684
     665
     726
     752
     816
     840
     899
     947
     945
     929
    1044
    1033
    1173
    1189
    1205
    1272
    1314
    1280
    1313
    1238
    1183
    1081
     981
     872
     819
     633
     517
     492
     370
     312
     295
     253
     234
     261
     252
     223
     233
     239
     253
     220
     240
     234
     250
     248
     235
     239
     249
     252
     261
     283
     248
     251
     239
     261
     246
     243
     262
     236
     253
     246
     257
     260
     260
     251
     230
     218
     273
     225
     241
     221
     238
     222
     227
     231
     225
     233
     240
     235
     258
     231
     240
     240
     248
     231
     233
     220
     204
     215
     237
     200
     207
     222
     231
     223
     229
     214
     221
     232
     225
     232
     226
     213
     219
     217
     226
     199
     203
     205
     224
     183
     220
     205
     219
     204
     203
     199
     204
     184
     217
     184
     186
     215
     196
     175
     183
     190
     201
     204
     177
     177
     200
     184
     176
     166
     180
     170
     200
     165
     165
     184
     178
     155
     173
     192
     186
     164
     174
     162
     168
     180
     191
     160
     182
     156
     150
     160
     177
     154
     139
     164
     148
     139
     130
     159
     141
     154
     138
     143
     170
     162
     152
     165
     170
     162
     123
     151
     148
     133
     133
     141
     155
     134
     140
     124
     137
     126
     126
     152
     114
     139
     144
     114
     133
     139
     113
     132
     135
     132
     129
     114
     134
     120
     129
     103
     119
     107
     103
     108
     124
     114
     114
     130
     126
     125
     119
     121
      96
     108
     119
     113
     109
     111
      96
     116
     108
     112
     102
     105
     125
     105
      97
     109
      90
      82
      76
     104
     112
      85
      87
     106
      93
      98
      76
     103
     110
      76
      92
     118
     104
     100
     103
     103
     105
      96
      96
      99
      89
     111
     107
     109
      86
      81
      90
      94
      95
      93
      96
      93
      83
      77
      86
      83
      86
      87
      89
      83
      85
      84
      98
      71
      90
      68
      85
      85
      85
      70
      74
      69
      83
      81
      61
      96
      62
      70
      69
      75
      63
      73
      65
      75
      80
      63
      58
      60
      50
      64
      60
      64
      69
      70
      45
      56
      44
      67
      54
      56
      60
      65
      72
      64
      55
      66
      60
      60
      57
      45
      56
      64
      55
      48
      55
      66
      46
      56
      46
      46
      56
      61
      54
      49
      45
      47
      59
      63
      54
      69
      49
      43
      57
      61
      61
      52
      58
      52
      49
      46
      52
      44
      45
      48
      36
      57
      48
      53
      63
      65
      43
      45
      58
      50
      54
      39
      37
      37
      39
      43
      33
      40
      39
      39
      42
      39
      33
      29
      51
      48
      46
      52
      46
      41
      44
      50
      39
      46
      27
      44
      34
      43
      42
      43
      48
      42
      43
      37
      37
      42
      34
      41
      34
      39
      37
      39
      50
      35
      46
      33
      42
      42
      42
      36
      37
      37
      38
      35
      41
      44
      26
      42
      36
      45
      27
      36
      36
      45
      27
      30
      39
      28
      41
      32
      33
      25
      24
      31
      35
      28
      30
      28
      21
      14
      28
      38
      23
      28
      27
      20
      23
      31
      24
      32
      26
      20
      26
      35
      34
      27
      23
      27
      21
      24
      26
      26
      32
      28
      22
      21
      28
      19
      27
      24
      19
      31
      18
      23
      29
      25
      24
      21
      22
      17
      24
      17
      20
      28
      25
      22
      26
      22
      24
      11
      21
      21
      26
      17
      28
      16
      17
      20
      23
      19
      25
      18
      16
      17
      18
      23
      11
      25
      20
      22
      19
      22
      20
      24
      28
      21
      19
      23
      20
      24
      12
      21
      16
      20
      12
      17
      13
      22
      23
      20
      19
      11
      23
      15
      11
      14
      18
      14
      14
      19
      18
      15
      16
      19
      21
      17
      25
      24
      15
      20
      11
      17
      28
      19
      15
      15
      26
      19
      21
      19
      16
      13
      21
      25
      22
      23
      10
      19
      15
      17
       7
      17
      20
      24
      15
      13
      12
      17
      14
      15
      20
      17
      23
      18
      15
      13
      26
      20
      14
      23
      24
      19
      20
      16
      15
      14
      18
      16
      13
      17
      15
      23
      16
      19
      11
      21
      17
      26
      14
      14
      12
      22
      14
      20
      12
      20
      12
      14
      13
      15
      19
      13
      15
      13
      17
      13
      12
      20
      19
      16
      18
      20
      15
      13
      20
      16
      13
      19
      16
       9
      15
      16
      14
      23
      14
      15
      19
      11
      17
       8
      15
      23
      11
      16
      15
       7
      16
      13
      17
      10
      11
      12
      17
      15
      13
      16
      19
      14
      14
      12
      14
      13
      10
      12
      13
       9
      12
      15
      14
      11
      20
      10
      11
      14
      14
      11
      13
      13
      12
      18
      12
      11
      12
       8
       8
      13
      10
      14
      19
       9
      15
      15
      15
      12
      11
      21
      16
      18
       8
      10
      13
      12
      15
       9
      10
      17
      17
      13
      22
      16
      15
      18
      15
      18
      14
      16
      25
      15
      21
      16
      12
      13
      15
      10
      16
      19
      10
      13
      13
      13
      15
      11
      12
      18
      11
      14
      25
      20
      13
      16
      16
      11
      17
      16
      19
      17
      15
      13
      10
      21
      11
      16
       8
      13
      19
      17
      14
      20
      11
      13
      22
      13
      15
      16
      22
      11
      10
      22
      12
      10
      14
      16
      17
      17
      12
      17
      16
      16
      13
      20
      17
      11
      21
      11
      10
      12
       8
      11
       7
      12
      14
       6
      10
       9
       8
      11
       8
      14
      12
       7
      19
       9
      13
       8
      12
       8
       8
      12
       7
      15
       7
      12
       7
       9
      11
      10
      10
      11
      10
      11
       8
      13
       9
      12
       2
      11
      11
       8
      15
      14
      14
       9
      10
       9
       9
       9
       9
      11
       8
       7
       8
       9
       9
       7
      11
       8
       4
      10
      13
      10
      12
       7
       9
       8
       8
       7
       7
       8
       7
       8
       8
       4
       5
      10
      12
       5
       7
       9
       9
       9
      10
       6
      11
       4
      11
      10
      15
       2
       6
       9
      11
       7
       7
       6
       6
       8
       4
       7
      11
      13
       8
      11
       7
       9
       9
      10
       5
       9
       5
       5
      12
       6
       9
       5
      10
       9
       8
       9
       7
       5
       4
      10
      11
       8
       9
      10
       9
       6
       9
       9
       9
       8
       5
       7
       8
      10
       9
       7
       6
       5
       8
       8
       6
       6
       8
       3
       5
       3
       9
       7
      12
       8
       7
       6
      12
       6
       9
       7
       5
       3
       8
      10
      16
       7
       8
       3
       7
       5
       4
       4
      11
       6
       6
      11
       8
       8
       5
       7
       4
       4
       8
       6
       9
       9
      11
       6
       9
       5
       7
       4
       7
       4
       6
       5
       9
       8
       2
       7
       3
       3
       7
       6
       6
       7
       5
       7
       7
       7
       8
       5
       5
       9
       4
       2
       6
       7
       5
      11
       8
      12
       6
       2
       1
       2
      11
       4
       2
       8
       7
       8
       9
       5
       7
       6
       3
      10
       3
      10
       4
       9
       4
       6
       7
       5
       8
       5
       6
       9
       7
       6
       6
       5
       5
       2
       9
       4
       2
       6
       3
       5
       6
       6
       8
       3
       7
       5
       5
       5
       4
       4
       6
       3
       3
       7
       5
       4
       5
       7
       7
       7
       8
       9
       6
       3
       6
       9
       7
       7
       6
       4
       5
       6
      11
       4
       8
       8
       8
       5
       6
       4
       4
       6
       5
       5
       2
       5
       4
       5
       7
       6
       8
       9
       8
       3
       6
       3
       9
       6
       4
       8
       7
       6
       8
       3
       6
       5
       5
       7
       7
       0
       1
       4
       4
       3
       3
       4
       4
       8
       5
       3
       6
       5
       5
       4
       6
       6
       5
       9
       7
       7
      12
       6
       3
       2
       7
       2
       5
       6
       7
       6
       7
       7
       5
       6
       6
       9
      10
       5
       5
       6
       7
       5
       9
      10
       7
       5
       7
       5
       8
       5
       5
       7
       3
       9
       6
       9
       4
       4
       9
       5
       4
       7
       3
       7
      11
       3
       9
       7
       6
      11
      11
       7
       4
       8
       7
       3
       8
       5
       5
       8
       3
       1
       6
       7
      10
       8
       3
       2
       4
       3
       6
       6
       5
       3
       8
       2
       9
       8
       3
       6
       4
       5
       2
       5
       5
       8
       6
       8
       5
       6
       5
       7
       5
       7
       4
       5
       7
       8
       5
       5
       4
       6
       5
       4
       2
       5
       4
       6
       5
       3
       4
       4
       3
       0
       3
       3
      10
      11
       4
       6
       3
       6
       5
       4
       3
       4
       3
       5
       5
       5
       3
       3
       5
       5
       6
       6
      11
       1
       8
       4
       8
       4
       4
       3
       4
       2
       6
       2
       8
       6
       2
       3
       5
       5
       3
       8
      10
       5
       3
       5
       2
       6
       7
       4
       4
       5
       7
       3
       5
       6
       4
       5
       1
       9
       3
       2
       3
       6
       2
       4
       4
       6
       3
       3
       5
       1
       4
       3
       5
       6
       3
       6
       2
       4
       1
       5
       3
       3
       3
       3
       6
       2
       5
       2
       4
       5
       5
       2
       2
       2
       3
       6
       2
       3
       9
       3
       3
       4
       0
       6
       5
       7
       2
       1
       5
       6
       1
       4
       5
       6
       6
       5
       3
       5
       9
       5
       3
       4
       7
       2
       9
       4
       3
       4
       3
       6
       4
       3
       3
       5
       7
       7
       4
       2
       3
       4
       7
       3
       4
       5
       2
       6
       7
       6
       5
       3
       5
       6
       2
       6
       4
       4
       3
       8
       8
       4
       2
       8
       5
       8
       2
       9
       3
       3
       5
       5
       3
       3
       2
       6
       6
       6
       5
       3
       5
       3
       5
       6
       3
       4
       3
       6
       5
       1
       2
       6
       4
       5
       2
       3
       4
       7
       4
       5
       9
       4
       7
       7
       6
       3
       3
       6
       3
       3
       6
       3
       6
       7
       4
       4
       4
       4
       5
       5
       5
       3
       6
       6
       4
       3
       2
       4
       3
       0
       1
       7
       4
       2
       2
       3
       4
       6
       7
       6
       7
       7
       3
       0
       2
       4
       4
       3
       8
       3
       1
       2
       7
       2
       2
       3
       2
       2
       9
       4
       8
       4
       6
       1
       1
       4
       5
       4
       8
       7
       5
       4
       4
       1
       9
       5
       4
       4
       7
       4
       3
       3
       5
       2
       2
       2
       3
       6
       4
       6
       1
       1
       5
       4
       1
       3
       3
       5
       2
       9
       3
       5
       6
       1
       4
       0
       1
       4
       4
       4
       6
       4
       2
       2
       4
       1
       3
       1
       3
       3
       4
       0
       5
       8
       1
       4
       2
       3
      10
       3
       3
       2
       2
       2
       4
       5
       4
       3
       3
       2
       6
       4
       2
       6
       4
       5
       2
       3
       4
       4
       3
       3
       3
       3
       1
       2
       0
       4
       2
       1
       0
       3
       2
       4
       0
       2
       2
       4
       4
       3
       3
       4
       3
       1
       3
       2
       5
       2
       2
       3
       3
       1
       0
       1
       0
       1
       2
       0
       4
       4
       2
       2
       1
       2
       2
       5
       1
       2
       1
       6
       1
       2
       1
       3
       2
       4
       2
       1
       2
       1
       1
       2
       4
       4
       1
       1
       1
       4
       0
       4
       3
       0
       0
       3
       0
       2
       3
       3
       2
       2
       2
       0
       2
       2
       2
       4
       4
       3
       4
       3
       2
       3
       2
       5
       1
       4
       2
       3
       0
       5
       1
       3
       3
       3
       4
       2
       2
       1
       0
       2
       1
       0
       1
       1
       2
       3
       1
       1
       4
       2
       3
       3
       1
       0
       1
       0
       1
       1
       1
       3
       4
       3
       1
       1
       2
       2
       1
       3
       0
       1
       1
       0
       7
       1
       1
       1
       1
       2
       4
       5
       2
       1
       2
       1
       3
       3
       1
       1
       3
       1
       0
       1
       3
       2
       2
       2
       3
       2
       4
       2
       2
       2
       1
       4
       3
       2
       1
       2
       3
       0
       2
       1
       2
       3
       1
       1
       0
       1
       5
       2
       1
       2
       4
       1
       1
       3
       2
       1
       2
       2
       3
       2
       3
       2
       6
       1
       1
       1
       3
       8
       3
       5
       3
       5
       6
       2
       4
       1
       5
       3
       1
       1
       4
       1
       6
       3
       4
       5
       7
       4
       2
       4
       1
       6
       3
       9
       2
       3
       1
       4
       6
       7
       6
       6
       2
       5
       3
       4
       6
       4
       3
      10
       5
      10
       7
       1
       5
      11
       5
       7
       4
       4
       7
       7
      10
       3
       8
       7
       9
       9
      10
       6
       5
       7
       5
       8
      15
       9
       9
       5
       5
       9
      10
      10
       7
       6
       5
      10
       5
       6
       6
       3
       8
       6
       9
       6
       7
      10
       4
      10
       9
       2
       8
       7
      11
      10
       7
      10
       6
       7
       6
       3
       7
       6
       5
       0
       0
       0
       0
       0
       0
       0
       0
       0
       0
       0
       0
       0
       0
       0
       0
       0
       0
       0
       0
       0
       0
       0
       0
       0
       0
       0
       0
       0
       0
       0
       0
$ROI:
0
$PRESETS:
None
0
0
$ENER_FIT:
0.000000 1.000000
$MCA_CAL:
3
0.000000E+000 1.000000E+000 0.000000E+000 keV
$SHAPE_CAL:
3
1.000000E+000 0.000000E+000 0.000000E+000
