$SPEC_ID:
No sample description was entered.
$SPEC_REM:
DET# 1
DETDESC# LAB4D1 Easy-MCA-2k SN 18162513
AP# Maestro Version 7.01
$DATE_MEA:
11/05/2019 16:50:37
$MEAS_TIM:
835 839
$DATA:
0 2047
       0
       0
       0
       0
       0
       0
       0
       0
       0
     509
    8037
    7325
    1625
     137
     120
     131
     107
     107
     122
     117
     114
     114
     123
     121
     121
     134
     139
     145
     145
     155
     156
     150
     171
     151
     187
     202
     209
     225
     228
     210
     244
     242
     252
     254
     256
     254
     252
     336
     336
     318
     328
     375
     339
     340
     321
     312
     307
     304
     226
     218
     244
     205
     234
     233
     264
     223
     216
     215
     246
     191
     230
     258
     243
     240
     261
     258
     241
     262
     286
     276
     299
     322
     284
     334
     345
     347
     360
     312
     304
     318
     373
     350
     348
     337
     358
     364
     448
     366
     408
     410
     439
     431
     420
     416
     459
     405
     441
     474
     457
     443
     475
     447
     500
     497
     460
     479
     461
     480
     464
     480
     541
     481
     510
     531
     507
     491
     496
     493
     483
     508
     502
     480
     487
     516
     472
     516
     508
     515
     492
     520
     474
     508
     530
     478
     446
     563
     543
     504
     504
     478
     507
     475
     528
     486
     488
     470
     500
     497
     484
     462
     493
     479
     461
     482
     459
     498
     486
     466
     471
     505
     465
     442
     451
     507
     481
     470
     472
     461
     480
     494
     484
     476
     440
     510
     458
     477
     479
     479
     484
     434
     449
     434
     486
     488
     439
     453
     466
     455
     477
     433
     425
     417
     447
     442
     430
     430
     449
     411
     426
     404
     424
     439
     461
     410
     395
     397
     405
     423
     423
     338
     380
     450
     365
     413
     377
     415
     381
     372
     424
     392
     375
     361
     365
     398
     378
     410
     385
     390
     364
     370
     387
     355
     417
     396
     336
     355
     357
     372
     370
     349
     372
     389
     341
     344
     319
     356
     358
     372
     379
     377
     360
     365
     362
     388
     370
     386
     394
     381
     357
     402
     403
     365
     379
     342
     382
     400
     347
     357
     347
     330
     380
     376
     375
     351
     342
     345
     342
     350
     342
     387
     364
     347
     346
     315
     375
     365
     335
     336
     309
     329
     334
     321
     338
     337
     321
     312
     348
     295
     326
     305
     307
     304
     315
     303
     285
     301
     319
     302
     270
     273
     290
     299
     292
     279
     267
     287
     297
     318
     290
     309
     281
     299
     292
     285
     262
     279
     262
     275
     311
     321
     277
     280
     263
     275
     293
     255
     251
     271
     277
     264
     278
     241
     246
     275
     252
     246
     239
     240
     224
     202
     233
     242
     244
     212
     247
     245
     217
     231
     247
     242
     230
     213
     210
     219
     203
     207
     205
     191
     199
     201
     227
     198
     205
     207
     205
     188
     206
     207
     198
     198
     190
     216
     194
     179
     168
     204
     182
     186
     186
     200
     179
     187
     209
     194
     171
     170
     195
     166
     203
     210
     176
     167
     170
     175
     186
     165
     183
     171
     165
     166
     174
     166
     183
     170
     177
     177
     182
     161
     161
     148
     167
     161
     161
     165
     182
     157
     135
     156
     166
     152
     139
     146
     166
     140
     168
     142
     138
     146
     139
     139
     150
     152
     161
     172
     141
     132
     137
     145
     128
     159
     151
     159
     135
     116
     142
     143
     118
     142
     145
     120
     131
     146
     151
     124
     125
     127
     139
     127
     135
     149
     134
     126
     105
     118
     120
     121
     132
     127
     133
     119
     123
     113
     164
     138
     141
     122
     140
     135
     124
     111
     123
     109
     135
     135
     149
     114
     104
     128
     114
     127
     127
     123
     122
     103
     113
     106
     127
      99
     129
      99
     106
     111
     109
     118
      96
     106
     113
      94
     103
      98
     102
      87
      96
     113
     109
      97
      83
     106
      94
     106
     108
     102
     128
     103
     102
      94
      92
     104
      90
      97
     105
      86
      98
     107
      96
      88
      77
      86
      87
      87
      85
      92
      67
      90
      86
      87
      79
      96
      86
      89
      94
      96
     100
      86
      90
      89
      97
      72
      95
      84
      75
      90
      67
      79
      78
     102
      84
      69
      69
      99
      93
      70
      95
      76
      86
      75
      85
      79
      87
      72
      73
      87
      95
      99
      97
      89
      97
      69
      78
      82
      83
      89
      88
      76
      86
      81
      74
      89
      85
      89
      91
      97
      78
      82
      84
      79
      75
      82
      85
      72
      68
      85
      84
      71
      81
      73
      70
      73
      74
      58
      69
      69
      80
      62
      57
      79
      62
      70
      71
      61
      70
      74
      47
      63
      73
      59
      67
      67
      62
      67
      70
      60
      55
      38
      64
      45
      52
      48
      44
      64
      55
      38
      49
      47
      46
      49
      46
      55
      30
      44
      59
      44
      59
      51
      54
      47
      42
      40
      48
      53
      46
      32
      40
      45
      47
      42
      38
      48
      30
      43
      29
      45
      45
      38
      29
      42
      31
      42
      43
      45
      41
      37
      46
      39
      44
      32
      39
      32
      38
      35
      31
      35
      39
      34
      24
      39
      22
      23
      27
      39
      46
      33
      39
      30
      45
      44
      35
      27
      32
      25
      29
      29
      30
      25
      36
      46
      29
      30
      31
      28
      29
      34
      33
      17
      25
      26
      27
      23
      26
      32
      32
      21
      25
      27
      28
      30
      35
      20
      26
      36
      34
      35
      28
      23
      33
      26
      23
      28
      33
      36
      26
      22
      29
      32
      31
      32
      32
      33
      33
      33
      40
      25
      23
      30
      27
      28
      34
      22
      28
      25
      31
      27
      27
      41
      28
      31
      30
      24
      30
      23
      24
      36
      29
      30
      32
      33
      27
      40
      29
      30
      29
      40
      31
      25
      40
      33
      30
      34
      23
      34
      33
      41
      45
      44
      32
      39
      37
      30
      23
      38
      36
      27
      34
      48
      31
      38
      34
      30
      43
      50
      32
      41
      38
      41
      46
      46
      44
      50
      52
      42
      56
      54
      44
      65
      52
      64
      54
      50
      75
      81
      59
      65
      67
      74
      79
      83
      92
     112
      93
      98
      94
      94
     107
      93
     117
     122
     123
     128
     156
     133
     131
     146
     151
     163
     154
     183
     195
     173
     211
     201
     186
     215
     209
     220
     235
     249
     229
     268
     239
     278
     281
     267
     258
     259
     310
     318
     293
     298
     293
     310
     289
     309
     289
     296
     289
     286
     329
     332
     311
     305
     294
     308
     351
     334
     356
     302
     324
     302
     335
     314
     286
     295
     286
     274
     271
     291
     256
     274
     231
     263
     250
     225
     223
     226
     202
     195
     195
     178
     200
     172
     157
     138
     159
     123
     145
     110
     126
     116
     113
     109
      96
      91
      86
      74
      78
      63
      61
      62
      57
      55
      61
      53
      48
      44
      49
      36
      38
      35
      39
      39
      29
      27
      32
      27
      20
      20
      22
      20
      20
      12
      20
      14
      18
      18
      15
      19
      18
      12
      10
      11
      17
       6
      11
      15
      17
       9
      14
       7
      10
      13
       8
      14
      13
      13
      12
      13
      10
      11
      12
      14
      14
      14
      11
       7
      13
      10
      10
      18
       7
      12
       8
      10
      10
       4
      15
      14
       9
      10
       5
      13
      10
      14
      15
      14
      11
       8
      17
      11
      10
      13
      11
       9
      14
       8
      16
      14
      16
       7
      11
      13
      13
      10
      16
      14
      16
      13
      13
      17
      11
      13
       9
      11
       4
      11
      13
       7
      10
       9
      12
      13
       8
       9
       9
       9
       8
       7
      12
      16
      13
       6
      12
      12
      11
       8
       9
      11
       9
       7
      11
      16
      12
       9
      11
      10
      12
       7
       9
      13
       9
       5
       7
      12
      11
      15
      12
       7
       6
       8
      11
      11
      10
      11
       7
      12
       5
       9
      13
      10
       7
       8
       5
       8
      11
       4
       6
       7
       7
       7
       9
      10
      17
       7
       8
       8
      13
       6
       6
       6
       6
       7
       9
       4
       8
       9
       6
      10
       7
       9
      17
      14
      12
       7
      12
      10
      12
       7
      10
      13
       8
      12
       7
      12
       4
       8
      11
      10
      11
       6
      11
       7
      13
      11
       6
       8
       9
       7
      14
       8
      10
      10
       9
      12
       5
       6
       7
      10
       3
       8
      10
       6
      10
       9
       6
       4
       6
       6
       8
       7
       7
      11
      14
      16
       9
      14
      11
      15
       6
       7
       7
       7
      10
       8
      10
       9
      11
       9
      11
       5
      11
       4
      11
       5
       9
       9
       7
       9
       6
       5
       8
       8
       8
      14
       7
      16
      16
      12
      12
      10
      10
      11
       9
      12
      11
       8
       9
      12
      17
      12
       8
       6
      11
       5
      10
      15
       3
      11
       8
       7
       9
      13
      11
       4
       9
      14
      12
      10
       8
      11
      10
       8
      12
       9
       3
      10
      10
       9
      16
      10
       9
      11
       7
       9
       4
      12
       8
      14
       7
       7
       8
       9
      10
       5
      21
       8
       6
      10
       7
      11
       7
      12
       9
      12
      11
       5
       3
       8
       9
       3
       7
       7
       6
       6
       9
       7
       7
       9
       5
       6
      10
       7
       8
      12
      13
      11
       9
       6
       5
      10
       8
      11
      12
       7
       6
       7
       6
       9
       9
       8
      16
      10
       8
       7
       6
      15
       6
       5
       6
       5
      13
       5
       5
      16
       7
       4
       9
       9
       5
       5
       7
      11
      11
       7
       9
       5
       4
       7
       6
       7
       8
       4
       9
       4
       6
       6
       7
       5
       8
       6
      10
       5
      14
       4
       3
       5
       6
       2
       3
       5
       4
       3
       5
       6
      10
       6
       8
       4
       4
       4
       2
       7
      10
       2
       3
       5
       9
       7
       4
      10
       7
       9
       3
       5
       4
       4
       7
      10
       6
       5
       8
       2
       5
       6
       5
       1
       6
       5
       3
       9
      10
       7
       8
       5
       5
       5
       6
       2
       3
       5
       4
      10
       4
       1
       7
       6
       2
       3
       3
       8
      11
       5
       4
       7
       9
       5
       9
       5
       5
       9
       7
       6
      12
       8
       6
       4
       3
       3
       5
       6
       6
       5
       5
       5
       3
       7
       4
       5
       4
      10
      11
      10
      10
       9
       8
       6
       6
       4
       3
       6
      12
       5
       9
       5
      11
       2
       4
       6
       8
       5
       5
      11
      10
      11
       6
       6
       5
       5
       7
       5
       8
       7
      12
       8
       4
       9
       4
      10
       9
       7
       6
       7
       9
       8
       3
       5
       1
      10
       7
       4
       7
       7
       5
       6
       5
      11
      10
       8
       8
       6
      11
       9
       4
       8
       8
       9
       7
       8
       7
      10
       3
       6
      14
       6
       7
       9
      11
       6
       2
       9
       6
       9
       5
       7
       5
       8
       8
       9
       7
      11
       6
       9
       7
       4
       8
       5
       3
       4
       4
       6
       8
       3
       6
       1
       4
       8
       5
       9
       4
       1
       3
       5
       6
       5
       6
       7
       4
       9
       8
      10
       6
       5
       3
       4
       4
       4
       3
       4
       9
       8
       2
       6
       5
       3
       4
       4
       4
       4
       3
       7
       3
       2
       2
       1
       6
       5
       7
       6
       7
       7
       4
       6
       5
       6
       4
       6
       8
       7
       9
       2
       4
       2
       5
       3
       5
       4
       5
       7
       5
       7
       3
       7
       2
       6
       2
       3
       4
       6
       4
       4
       6
       3
       5
       4
       2
       3
       2
       4
       4
       8
       6
       4
       2
       5
       6
       4
       5
       6
       1
       5
       8
       5
       2
       3
       5
       4
       7
       5
       4
       2
       8
       5
       3
       5
       1
       3
       4
       1
       3
       5
       2
       4
       5
       5
       6
       2
       1
       3
       6
       7
       2
       4
       3
       4
       3
       4
       4
       6
       6
       4
       2
       4
       5
       0
       4
       2
       2
       4
       5
       3
       7
       6
       4
       1
       2
       7
       2
       2
       2
       2
       4
       3
       1
       1
       2
       6
       6
       2
       1
       4
       3
       3
       2
       1
       0
       4
       4
       5
       3
       4
       2
       2
       4
       1
       5
       2
       8
       4
       1
       5
       0
       2
       1
       1
       1
       1
       3
       3
       1
       4
       0
       1
       4
       4
       3
       1
       5
       3
       1
       2
       2
       2
       4
       4
       2
       1
       2
       4
       4
       3
       1
       2
       1
       2
       2
       2
       2
       4
       2
       3
       3
       0
       3
       4
       2
       7
       1
       1
       4
       1
       4
       1
       2
       5
       1
       4
       4
       3
       3
       3
       0
       3
       2
       4
       2
       2
       2
       2
       4
       4
       1
       7
       7
       2
       1
       3
       3
       2
       3
       2
       1
       2
       1
       1
       4
       3
       2
       3
       2
       2
       1
       2
       3
       3
       1
       5
       3
       2
       4
       5
       6
       1
       4
       3
       2
       4
       4
       5
       4
       2
       5
       6
       3
       4
       5
       1
       2
       4
       2
       6
       2
       3
       2
       5
       7
       7
       4
       6
       2
       4
       4
       4
       6
       7
       5
       3
       3
       2
       6
       3
       3
       4
       6
       4
       6
       2
      10
       4
       1
       8
       7
      10
       7
       8
      10
       5
       9
       9
       2
      10
       6
       6
      10
       7
      10
       8
       9
       8
       6
       4
       6
      11
      14
      15
       9
      13
      11
      10
       8
       8
      16
       7
      13
      11
      11
       8
      13
      12
      13
      12
       7
      11
      14
       9
       8
      11
      11
       8
       6
      14
       8
      14
      17
      14
      11
      14
      11
       8
      16
       9
      15
      11
      13
       9
      15
       9
       8
       9
      10
       4
       7
      13
      12
       5
       7
       7
       8
      12
       0
       0
       0
       0
       0
       0
       0
       0
       0
       0
       0
       0
       0
       0
       0
       0
       0
       0
       0
       0
       0
       0
       0
       0
       0
       0
       0
       0
       0
       0
       0
       0
$ROI:
0
$PRESETS:
None
0
0
$ENER_FIT:
0.000000 1.000000
$MCA_CAL:
3
0.000000E+000 1.000000E+000 0.000000E+000 keV
$SHAPE_CAL:
3
1.000000E+000 0.000000E+000 0.000000E+000
