ACQUISITION INFORMATION

Detector ID:  1
Detector description:
LAB4D1 Easy-MCA-2k SN 18162513
Sample description:

Real Time:  839.099981
Live Time:  835.339981
Acquisition start date:  05Nov2019
Acquisition start time:  16:50:37
Starting channel number:   0
Number of channels:   2048


CALIBRATION INFORMATION

ENERGY CALIBRATION
Units:
Energy Fit:  0.000000E+000  1.000000E+000  0.000000E+000
FWHM Fit:  1.000000E+000  0.000000E+000  0.000000E+000
Efficiency Terms:  0.000000  0.000000  0.000000  0.000000  0.000000
  0.000000  0.000000  0.000000  0.000000  0.000000


SPECTRUM
     0:          0          0          0          0          0
     5:          0          0          0          0        509
    10:       8037       7325       1625        137        120
    15:        131        107        107        122        117
    20:        114        114        123        121        121
    25:        134        139        145        145        155
    30:        156        150        171        151        187
    35:        202        209        225        228        210
    40:        244        242        252        254        256
    45:        254        252        336        336        318
    50:        328        375        339        340        321
    55:        312        307        304        226        218
    60:        244        205        234        233        264
    65:        223        216        215        246        191
    70:        230        258        243        240        261
    75:        258        241        262        286        276
    80:        299        322        284        334        345
    85:        347        360        312        304        318
    90:        373        350        348        337        358
    95:        364        448        366        408        410
   100:        439        431        420        416        459
   105:        405        441        474        457        443
   110:        475        447        500        497        460
   115:        479        461        480        464        480
   120:        541        481        510        531        507
   125:        491        496        493        483        508
   130:        502        480        487        516        472
   135:        516        508        515        492        520
   140:        474        508        530        478        446
   145:        563        543        504        504        478
   150:        507        475        528        486        488
   155:        470        500        497        484        462
   160:        493        479        461        482        459
   165:        498        486        466        471        505
   170:        465        442        451        507        481
   175:        470        472        461        480        494
   180:        484        476        440        510        458
   185:        477        479        479        484        434
   190:        449        434        486        488        439
   195:        453        466        455        477        433
   200:        425        417        447        442        430
   205:        430        449        411        426        404
   210:        424        439        461        410        395
   215:        397        405        423        423        338
   220:        380        450        365        413        377
   225:        415        381        372        424        392
   230:        375        361        365        398        378
   235:        410        385        390        364        370
   240:        387        355        417        396        336
   245:        355        357        372        370        349
   250:        372        389        341        344        319
   255:        356        358        372        379        377
   260:        360        365        362        388        370
   265:        386        394        381        357        402
   270:        403        365        379        342        382
   275:        400        347        357        347        330
   280:        380        376        375        351        342
   285:        345        342        350        342        387
   290:        364        347        346        315        375
   295:        365        335        336        309        329
   300:        334        321        338        337        321
   305:        312        348        295        326        305
   310:        307        304        315        303        285
   315:        301        319        302        270        273
   320:        290        299        292        279        267
   325:        287        297        318        290        309
   330:        281        299        292        285        262
   335:        279        262        275        311        321
   340:        277        280        263        275        293
   345:        255        251        271        277        264
   350:        278        241        246        275        252
   355:        246        239        240        224        202
   360:        233        242        244        212        247
   365:        245        217        231        247        242
   370:        230        213        210        219        203
   375:        207        205        191        199        201
   380:        227        198        205        207        205
   385:        188        206        207        198        198
   390:        190        216        194        179        168
   395:        204        182        186        186        200
   400:        179        187        209        194        171
   405:        170        195        166        203        210
   410:        176        167        170        175        186
   415:        165        183        171        165        166
   420:        174        166        183        170        177
   425:        177        182        161        161        148
   430:        167        161        161        165        182
   435:        157        135        156        166        152
   440:        139        146        166        140        168
   445:        142        138        146        139        139
   450:        150        152        161        172        141
   455:        132        137        145        128        159
   460:        151        159        135        116        142
   465:        143        118        142        145        120
   470:        131        146        151        124        125
   475:        127        139        127        135        149
   480:        134        126        105        118        120
   485:        121        132        127        133        119
   490:        123        113        164        138        141
   495:        122        140        135        124        111
   500:        123        109        135        135        149
   505:        114        104        128        114        127
   510:        127        123        122        103        113
   515:        106        127         99        129         99
   520:        106        111        109        118         96
   525:        106        113         94        103         98
   530:        102         87         96        113        109
   535:         97         83        106         94        106
   540:        108        102        128        103        102
   545:         94         92        104         90         97
   550:        105         86         98        107         96
   555:         88         77         86         87         87
   560:         85         92         67         90         86
   565:         87         79         96         86         89
   570:         94         96        100         86         90
   575:         89         97         72         95         84
   580:         75         90         67         79         78
   585:        102         84         69         69         99
   590:         93         70         95         76         86
   595:         75         85         79         87         72
   600:         73         87         95         99         97
   605:         89         97         69         78         82
   610:         83         89         88         76         86
   615:         81         74         89         85         89
   620:         91         97         78         82         84
   625:         79         75         82         85         72
   630:         68         85         84         71         81
   635:         73         70         73         74         58
   640:         69         69         80         62         57
   645:         79         62         70         71         61
   650:         70         74         47         63         73
   655:         59         67         67         62         67
   660:         70         60         55         38         64
   665:         45         52         48         44         64
   670:         55         38         49         47         46
   675:         49         46         55         30         44
   680:         59         44         59         51         54
   685:         47         42         40         48         53
   690:         46         32         40         45         47
   695:         42         38         48         30         43
   700:         29         45         45         38         29
   705:         42         31         42         43         45
   710:         41         37         46         39         44
   715:         32         39         32         38         35
   720:         31         35         39         34         24
   725:         39         22         23         27         39
   730:         46         33         39         30         45
   735:         44         35         27         32         25
   740:         29         29         30         25         36
   745:         46         29         30         31         28
   750:         29         34         33         17         25
   755:         26         27         23         26         32
   760:         32         21         25         27         28
   765:         30         35         20         26         36
   770:         34         35         28         23         33
   775:         26         23         28         33         36
   780:         26         22         29         32         31
   785:         32         32         33         33         33
   790:         40         25         23         30         27
   795:         28         34         22         28         25
   800:         31         27         27         41         28
   805:         31         30         24         30         23
   810:         24         36         29         30         32
   815:         33         27         40         29         30
   820:         29         40         31         25         40
   825:         33         30         34         23         34
   830:         33         41         45         44         32
   835:         39         37         30         23         38
   840:         36         27         34         48         31
   845:         38         34         30         43         50
   850:         32         41         38         41         46
   855:         46         44         50         52         42
   860:         56         54         44         65         52
   865:         64         54         50         75         81
   870:         59         65         67         74         79
   875:         83         92        112         93         98
   880:         94         94        107         93        117
   885:        122        123        128        156        133
   890:        131        146        151        163        154
   895:        183        195        173        211        201
   900:        186        215        209        220        235
   905:        249        229        268        239        278
   910:        281        267        258        259        310
   915:        318        293        298        293        310
   920:        289        309        289        296        289
   925:        286        329        332        311        305
   930:        294        308        351        334        356
   935:        302        324        302        335        314
   940:        286        295        286        274        271
   945:        291        256        274        231        263
   950:        250        225        223        226        202
   955:        195        195        178        200        172
   960:        157        138        159        123        145
   965:        110        126        116        113        109
   970:         96         91         86         74         78
   975:         63         61         62         57         55
   980:         61         53         48         44         49
   985:         36         38         35         39         39
   990:         29         27         32         27         20
   995:         20         22         20         20         12
  1000:         20         14         18         18         15
  1005:         19         18         12         10         11
  1010:         17          6         11         15         17
  1015:          9         14          7         10         13
  1020:          8         14         13         13         12
  1025:         13         10         11         12         14
  1030:         14         14         11          7         13
  1035:         10         10         18          7         12
  1040:          8         10         10          4         15
  1045:         14          9         10          5         13
  1050:         10         14         15         14         11
  1055:          8         17         11         10         13
  1060:         11          9         14          8         16
  1065:         14         16          7         11         13
  1070:         13         10         16         14         16
  1075:         13         13         17         11         13
  1080:          9         11          4         11         13
  1085:          7         10          9         12         13
  1090:          8          9          9          9          8
  1095:          7         12         16         13          6
  1100:         12         12         11          8          9
  1105:         11          9          7         11         16
  1110:         12          9         11         10         12
  1115:          7          9         13          9          5
  1120:          7         12         11         15         12
  1125:          7          6          8         11         11
  1130:         10         11          7         12          5
  1135:          9         13         10          7          8
  1140:          5          8         11          4          6
  1145:          7          7          7          9         10
  1150:         17          7          8          8         13
  1155:          6          6          6          6          7
  1160:          9          4          8          9          6
  1165:         10          7          9         17         14
  1170:         12          7         12         10         12
  1175:          7         10         13          8         12
  1180:          7         12          4          8         11
  1185:         10         11          6         11          7
  1190:         13         11          6          8          9
  1195:          7         14          8         10         10
  1200:          9         12          5          6          7
  1205:         10          3          8         10          6
  1210:         10          9          6          4          6
  1215:          6          8          7          7         11
  1220:         14         16          9         14         11
  1225:         15          6          7          7          7
  1230:         10          8         10          9         11
  1235:          9         11          5         11          4
  1240:         11          5          9          9          7
  1245:          9          6          5          8          8
  1250:          8         14          7         16         16
  1255:         12         12         10         10         11
  1260:          9         12         11          8          9
  1265:         12         17         12          8          6
  1270:         11          5         10         15          3
  1275:         11          8          7          9         13
  1280:         11          4          9         14         12
  1285:         10          8         11         10          8
  1290:         12          9          3         10         10
  1295:          9         16         10          9         11
  1300:          7          9          4         12          8
  1305:         14          7          7          8          9
  1310:         10          5         21          8          6
  1315:         10          7         11          7         12
  1320:          9         12         11          5          3
  1325:          8          9          3          7          7
  1330:          6          6          9          7          7
  1335:          9          5          6         10          7
  1340:          8         12         13         11          9
  1345:          6          5         10          8         11
  1350:         12          7          6          7          6
  1355:          9          9          8         16         10
  1360:          8          7          6         15          6
  1365:          5          6          5         13          5
  1370:          5         16          7          4          9
  1375:          9          5          5          7         11
  1380:         11          7          9          5          4
  1385:          7          6          7          8          4
  1390:          9          4          6          6          7
  1395:          5          8          6         10          5
  1400:         14          4          3          5          6
  1405:          2          3          5          4          3
  1410:          5          6         10          6          8
  1415:          4          4          4          2          7
  1420:         10          2          3          5          9
  1425:          7          4         10          7          9
  1430:          3          5          4          4          7
  1435:         10          6          5          8          2
  1440:          5          6          5          1          6
  1445:          5          3          9         10          7
  1450:          8          5          5          5          6
  1455:          2          3          5          4         10
  1460:          4          1          7          6          2
  1465:          3          3          8         11          5
  1470:          4          7          9          5          9
  1475:          5          5          9          7          6
  1480:         12          8          6          4          3
  1485:          3          5          6          6          5
  1490:          5          5          3          7          4
  1495:          5          4         10         11         10
  1500:         10          9          8          6          6
  1505:          4          3          6         12          5
  1510:          9          5         11          2          4
  1515:          6          8          5          5         11
  1520:         10         11          6          6          5
  1525:          5          7          5          8          7
  1530:         12          8          4          9          4
  1535:         10          9          7          6          7
  1540:          9          8          3          5          1
  1545:         10          7          4          7          7
  1550:          5          6          5         11         10
  1555:          8          8          6         11          9
  1560:          4          8          8          9          7
  1565:          8          7         10          3          6
  1570:         14          6          7          9         11
  1575:          6          2          9          6          9
  1580:          5          7          5          8          8
  1585:          9          7         11          6          9
  1590:          7          4          8          5          3
  1595:          4          4          6          8          3
  1600:          6          1          4          8          5
  1605:          9          4          1          3          5
  1610:          6          5          6          7          4
  1615:          9          8         10          6          5
  1620:          3          4          4          4          3
  1625:          4          9          8          2          6
  1630:          5          3          4          4          4
  1635:          4          3          7          3          2
  1640:          2          1          6          5          7
  1645:          6          7          7          4          6
  1650:          5          6          4          6          8
  1655:          7          9          2          4          2
  1660:          5          3          5          4          5
  1665:          7          5          7          3          7
  1670:          2          6          2          3          4
  1675:          6          4          4          6          3
  1680:          5          4          2          3          2
  1685:          4          4          8          6          4
  1690:          2          5          6          4          5
  1695:          6          1          5          8          5
  1700:          2          3          5          4          7
  1705:          5          4          2          8          5
  1710:          3          5          1          3          4
  1715:          1          3          5          2          4
  1720:          5          5          6          2          1
  1725:          3          6          7          2          4
  1730:          3          4          3          4          4
  1735:          6          6          4          2          4
  1740:          5          0          4          2          2
  1745:          4          5          3          7          6
  1750:          4          1          2          7          2
  1755:          2          2          2          4          3
  1760:          1          1          2          6          6
  1765:          2          1          4          3          3
  1770:          2          1          0          4          4
  1775:          5          3          4          2          2
  1780:          4          1          5          2          8
  1785:          4          1          5          0          2
  1790:          1          1          1          1          3
  1795:          3          1          4          0          1
  1800:          4          4          3          1          5
  1805:          3          1          2          2          2
  1810:          4          4          2          1          2
  1815:          4          4          3          1          2
  1820:          1          2          2          2          2
  1825:          4          2          3          3          0
  1830:          3          4          2          7          1
  1835:          1          4          1          4          1
  1840:          2          5          1          4          4
  1845:          3          3          3          0          3
  1850:          2          4          2          2          2
  1855:          2          4          4          1          7
  1860:          7          2          1          3          3
  1865:          2          3          2          1          2
  1870:          1          1          4          3          2
  1875:          3          2          2          1          2
  1880:          3          3          1          5          3
  1885:          2          4          5          6          1
  1890:          4          3          2          4          4
  1895:          5          4          2          5          6
  1900:          3          4          5          1          2
  1905:          4          2          6          2          3
  1910:          2          5          7          7          4
  1915:          6          2          4          4          4
  1920:          6          7          5          3          3
  1925:          2          6          3          3          4
  1930:          6          4          6          2         10
  1935:          4          1          8          7         10
  1940:          7          8         10          5          9
  1945:          9          2         10          6          6
  1950:         10          7         10          8          9
  1955:          8          6          4          6         11
  1960:         14         15          9         13         11
  1965:         10          8          8         16          7
  1970:         13         11         11          8         13
  1975:         12         13         12          7         11
  1980:         14          9          8         11         11
  1985:          8          6         14          8         14
  1990:         17         14         11         14         11
  1995:          8         16          9         15         11
  2000:         13          9         15          9          8
  2005:          9         10          4          7         13
  2010:         12          5          7          7          8
  2015:         12          0          0          0          0
  2020:          0          0          0          0          0
  2025:          0          0          0          0          0
  2030:          0          0          0          0          0
  2035:          0          0          0          0          0
  2040:          0          0          0          0          0
  2045:          0          0          0
