ACQUISITION INFORMATION

Detector ID:  1
Detector description:
LAB4D1 Easy-MCA-2k SN 18162513
Sample description:

Real Time:  1046.339977
Live Time:  1040.979977
Acquisition start date:  05Nov2019
Acquisition start time:  17:26:20
Starting channel number:   0
Number of channels:   2048


CALIBRATION INFORMATION

ENERGY CALIBRATION
Units:
Energy Fit:  0.000000E+000  1.000000E+000  0.000000E+000
FWHM Fit:  1.000000E+000  0.000000E+000  0.000000E+000
Efficiency Terms:  0.000000  0.000000  0.000000  0.000000  0.000000
  0.000000  0.000000  0.000000  0.000000  0.000000


SPECTRUM
     0:          0          0          2          1          0
     5:          0          0          0          0       1012
    10:      17150      16191       3354        166         90
    15:         90         88        101         76        109
    20:         82        102        114        113        105
    25:        105        117        100        101        102
    30:        122        123        132        117        117
    35:        140        120        133        130        137
    40:        127        122        159        143        156
    45:        177        169        148        140        179
    50:        168        134        181        172        167
    55:        177        130        171        151        185
    60:        164        191        175        167        172
    65:        185        178        224        205        242
    70:        212        214        239        240        240
    75:        265        250        272        260        308
    80:        283        247        290        278        293
    85:        333        322        350        319        367
    90:        355        356        367        385        394
    95:        402        375        403        390        390
   100:        382        441        474        457        447
   105:        419        475        428        471        453
   110:        471        477        473        507        522
   115:        488        501        487        514        521
   120:        524        496        507        546        503
   125:        501        486        519        495        523
   130:        500        498        507        512        500
   135:        481        517        542        546        513
   140:        549        549        457        493        499
   145:        500        509        512        457        456
   150:        511        492        481        465        504
   155:        489        488        455        530        486
   160:        492        491        465        479        498
   165:        488        471        450        473        451
   170:        492        443        494        438        466
   175:        473        455        454        485        473
   180:        438        416        448        451        459
   185:        458        435        452        445        420
   190:        388        413        437        418        458
   195:        448        403        454        455        421
   200:        429        380        409        431        418
   205:        413        415        382        391        406
   210:        442        389        382        405        384
   215:        400        360        391        361        376
   220:        376        367        375        365        365
   225:        379        372        362        344        366
   230:        331        318        352        341        333
   235:        327        349        365        357        303
   240:        332        306        323        289        294
   245:        293        318        312        312        305
   250:        308        291        301        313        294
   255:        316        287        315        310        307
   260:        304        325        305        300        268
   265:        282        265        303        309        298
   270:        301        287        277        306        261
   275:        266        270        288        293        289
   280:        283        272        281        258        275
   285:        282        274        252        260        243
   290:        250        237        251        261        267
   295:        262        267        243        274        249
   300:        281        257        235        227        269
   305:        242        243        261        261        239
   310:        255        247        236        236        259
   315:        251        261        275        248        224
   320:        248        256        239        235        233
   325:        260        245        264        249        258
   330:        238        231        243        246        242
   335:        219        267        220        211        233
   340:        231        225        245        223        234
   345:        228        226        211        203        230
   350:        214        201        214        202        220
   355:        202        200        190        196        198
   360:        182        198        192        192        153
   365:        185        182        165        179        161
   370:        210        162        186        152        177
   375:        180        164        187        148        150
   380:        168        143        156        153        155
   385:        156        151        140        151        175
   390:        146        150        160        139        153
   395:        148        142        126        155        142
   400:        156        152        148        136        141
   405:        142        163        141        149        157
   410:        129        160        152        110        152
   415:        151        149        123        119        135
   420:        146        134        124        147        139
   425:        129        139        143        122        152
   430:        137        128        125        107        107
   435:        108        118        113        122        122
   440:        124        131        134        121        138
   445:         96         94        119        122        121
   450:        122        112        135        115        120
   455:        123        119         99        108        106
   460:        103         86        107         93        104
   465:        112        107        116         97         90
   470:        121        119         85        102         93
   475:        101         80        107         95         88
   480:         95        105        101        123        101
   485:         99        101        114        118        106
   490:        116        122         97        116         94
   495:        106         96         95        108        118
   500:         84         88         94        111        106
   505:        106        121         88        101         87
   510:         93         94        107         95         86
   515:        106         95         79         75         84
   520:         82         86         78         81         80
   525:         85        102         86         68         75
   530:         71         76         86         97         68
   535:         86         73         61         73         81
   540:         73         57         66         77         66
   545:         59         52         70         64         74
   550:         63         52         81         80         64
   555:         70         62         81         59         60
   560:         74         68         74         60         65
   565:         47         71         59         53         67
   570:         65         70         64         76         52
   575:         57         56         61         61         54
   580:         67         67         73         63         63
   585:         77         82         52         56         60
   590:         57         63         48         57         60
   595:         64         55         54         61         72
   600:         53         63         56         63         54
   605:         50         70         54         63         59
   610:         54         48         63         55         49
   615:         63         63         53         63         52
   620:         49         53         66         55         45
   625:         59         42         42         67         67
   630:         47         66         55         49         53
   635:         55         63         48         49         48
   640:         56         55         53         55         56
   645:         64         61         41         60         32
   650:         58         45         51         40         55
   655:         53         60         42         47         52
   660:         43         57         49         52         54
   665:         51         46         61         52         42
   670:         43         48         30         61         49
   675:         58         43         32         53         51
   680:         32         57         42         50         54
   685:         51         48         46         44         44
   690:         32         59         44         52         39
   695:         40         44         42         48         40
   700:         38         44         43         49         36
   705:         50         43         47         39         47
   710:         43         44         43         47         38
   715:         55         46         42         47         45
   720:         44         39         46         40         37
   725:         30         36         48         42         22
   730:         36         35         52         28         44
   735:         41         39         42         41         32
   740:         43         36         52         46         43
   745:         45         44         56         46         46
   750:         43         29         48         45         31
   755:         35         42         43         40         28
   760:         36         39         44         32         48
   765:         37         33         28         36         29
   770:         39         38         24         36         40
   775:         29         35         48         42         28
   780:         34         30         37         37         34
   785:         40         48         37         38         23
   790:         36         33         38         37         32
   795:         52         42         45         36         36
   800:         33         28         35         35         38
   805:         34         27         45         40         37
   810:         48         45         40         45         40
   815:         40         46         42         38         41
   820:         45         40         30         41         50
   825:         35         49         54         42         47
   830:         41         41         47         38         40
   835:         42         52         45         53         46
   840:         44         49         49         47         54
   845:         31         58         37         56         40
   850:         41         48         46         43         41
   855:         48         32         38         45         37
   860:         41         49         48         37         36
   865:         39         28         35         39         42
   870:         37         34         42         30         21
   875:         31         39         43         39         44
   880:         46         34         37         33         25
   885:         39         32         38         30         52
   890:         32         36         39         40         36
   895:         19         40         28         41         33
   900:         41         42         37         39         30
   905:         38         35         42         39         39
   910:         35         33         32         37         33
   915:         30         41         33         27         31
   920:         28         41         30         37         42
   925:         35         34         29         24         27
   930:         33         36         31         34         30
   935:         40         35         45         37         29
   940:         40         34         33         37         30
   945:         26         42         26         36         36
   950:         34         25         38         18         29
   955:         27         23         28         24         37
   960:         43         28         35         30         24
   965:         31         18         28         29         34
   970:         28         18         19         27         29
   975:         37         21         27         18         25
   980:         30         25         21         18         19
   985:         28         25         35         30         34
   990:         32         20         21         24         30
   995:         30         26         27         26         30
  1000:         25         19         25         32         30
  1005:         31         16         22         32         22
  1010:         18         22         33         31         25
  1015:         26         26         29         33         29
  1020:         25         24         28         28         22
  1025:         29         26         35         24         24
  1030:         36         28         23         31         24
  1035:         38         23         29         31         25
  1040:         28         23         21         20         32
  1045:         21         23         39         26         30
  1050:         32         18         16         33         28
  1055:         32         25         29         19         23
  1060:         28         23         32         22         28
  1065:         16         23         28         33         27
  1070:         26         21         30         24         26
  1075:         31         29         26         13         27
  1080:         40         23         28         22         22
  1085:         24         21         24         27         36
  1090:         35         21         29         33         19
  1095:         16         23         24         23         31
  1100:         20         21         27         23         25
  1105:         29         38         20         23         30
  1110:         35         25         25         36         31
  1115:         23         25         28         25         30
  1120:         26         29         28         30         23
  1125:         39         27         20         30         23
  1130:         22         35         36         23         29
  1135:         31         25         31         27         35
  1140:         21         21         23         31         28
  1145:         21         27         27         27         27
  1150:         26         35         26         22         34
  1155:         21         30         29         24         19
  1160:         26         30         25         25         17
  1165:         24         24         22         20         20
  1170:         33         32         22         31         25
  1175:         20         28         32         29         26
  1180:         40         21         23         24         31
  1185:         26         23         17         27         30
  1190:         28         26         27         28         30
  1195:         35         23         34         26         20
  1200:         23         30         31         20         24
  1205:         20         18         34         28         39
  1210:         24         27         31         23         25
  1215:         21         29         38         13         25
  1220:         27         26         38         27         23
  1225:         29         29         28         29         22
  1230:         26         23         23         24         15
  1235:         16         22         23         40         22
  1240:         29         24         26         30         23
  1245:         24         32         24         21         29
  1250:         25         32         22         35         26
  1255:         33         33         25         31         32
  1260:         33         29         22         23         21
  1265:         21         22         25         24         23
  1270:         23         22         25         23         30
  1275:         29         23         28         27         25
  1280:         34         22         29         27         24
  1285:         25         27         26         28         41
  1290:         30         29         31         19         21
  1295:         23         26         29         18         28
  1300:         33         14         24         20         14
  1305:         27         25         21         19         21
  1310:         17         20         19         19         13
  1315:         30         29         24         33         22
  1320:         22         20         35         26         12
  1325:         12         28         20         21         19
  1330:         31         15          9         20         22
  1335:         16         22         28         18         24
  1340:         24         18         24         19         25
  1345:         27         23         23         20         17
  1350:         13         22         21         15         24
  1355:         21         25         28         21         25
  1360:         17         17         20         18         16
  1365:         18         16         12         27         15
  1370:         17         20         20         17         19
  1375:         14         21         17         17         15
  1380:         22         18         15         12         26
  1385:         20         16         19         20         15
  1390:         23         19         17         20         18
  1395:         17         17         14         17         20
  1400:         13         17         16         18         19
  1405:         16         20         13         21         19
  1410:         18         19         25         16         20
  1415:         18         13         11         14         14
  1420:         18         14         17         16         15
  1425:         19         11         21         16         17
  1430:         13         19         24         28         19
  1435:         14         16         25         15          9
  1440:         19         13         12         20         29
  1445:         16         17         17         25         12
  1450:         20         12         18         16         23
  1455:         14         13         19         12         20
  1460:         25         16         15         19         14
  1465:         21         19         17         20         22
  1470:         18          7         17         14         19
  1475:          9         12         15         18         22
  1480:         10         22         12         21         12
  1485:         17         11         21         13         20
  1490:         21         12         19         16         17
  1495:         19         24         21         14         15
  1500:         16         10         17         19          8
  1505:         13         19         11         19         20
  1510:         18         19         14         17         15
  1515:         10         21         14         19         16
  1520:         15         23          9         16         23
  1525:         16         20          6         13         21
  1530:         23         25         15         16          7
  1535:         11         13         18         15         18
  1540:         19         20         22         19         19
  1545:         20         12         35         30         26
  1550:         25         24         24         25         18
  1555:         13         23         27         29         16
  1560:         24         27         25         23         19
  1565:         34         16         27         31         22
  1570:         34         27         25         35         33
  1575:         29         25         35         34         35
  1580:         36         32         30         33         41
  1585:         40         45         22         39         43
  1590:         29         36         43         56         61
  1595:         45         46         45         57         38
  1600:         51         34         39         43         46
  1605:         45         48         37         55         39
  1610:         32         52         45         43         35
  1615:         31         48         34         38         53
  1620:         30         60         45         46         37
  1625:         39         43         51         22         43
  1630:         45         32         29         38         38
  1635:         27         40         38         42         24
  1640:         44         36         29         30         23
  1645:         29         35         38         29         30
  1650:         31         26         30         23         30
  1655:         26         22         25         18         28
  1660:         24         22         26         24         19
  1665:         20         10         17         14         15
  1670:         15         17         17         20         23
  1675:         12         16         15         17         18
  1680:         16          9          9          9         11
  1685:         13          9         12          9          9
  1690:         11         15         11         11         16
  1695:         11         14          7          7         10
  1700:          6         11         12          7          3
  1705:         10         11         11         11          3
  1710:         11          8          7          5          5
  1715:          6         13         15          9          8
  1720:         12          7         10          7          7
  1725:         15          6         10          7          7
  1730:          9          7         12          9          6
  1735:          6          7         11          5         10
  1740:          9         10          7          3          9
  1745:         11         12          5         12         14
  1750:          9         14         13         11          7
  1755:         12          8         12         10         16
  1760:         16         12         14         13         17
  1765:         11          7         19         17         16
  1770:         15         16         14         25         17
  1775:         18         20         20         12         18
  1780:         19         27         16         14         34
  1785:         21         23         25         17         23
  1790:         23         21         21         23         22
  1795:         23         31         26         24         23
  1800:         22         22         30         31         25
  1805:         19         27         34         32         31
  1810:         36         40         23         30         23
  1815:         31         40         36         28         44
  1820:         34         22         34         41         34
  1825:         22         26         30         36         38
  1830:         34         29         28         31         35
  1835:         37         27         34         30         34
  1840:         27         24         26         28         29
  1845:         36         30         24         24         18
  1850:         25         29         37         27         22
  1855:         18         22         13         27         26
  1860:         21         24         22         29         34
  1865:         17         14         20         18         24
  1870:         19         13         19         17         14
  1875:         20         14         14         23         13
  1880:         11         22         14         19          8
  1885:         12         20         14          6          8
  1890:         14          7          8          7          8
  1895:         11         10         13          8          9
  1900:          9         16          8          7         11
  1905:         10         14         10         14          5
  1910:          3          6         13          8          7
  1915:         11          7          8         10          6
  1920:         13          2         10          5          8
  1925:          6          5          4          7         12
  1930:         10         10          8          7          7
  1935:          8         10          9          8          9
  1940:          9         15         10         10         10
  1945:         12         12          8         14          8
  1950:          9          9         11          9          8
  1955:         18         14          7         11         16
  1960:         11         11          8         10          9
  1965:         10         10         11         13         12
  1970:          8         13         14         22         18
  1975:         14         13         19         18          4
  1980:         16         14         13         16         19
  1985:         19         14         18         10         10
  1990:         17         11         16         15         13
  1995:         13         13         17         13         20
  2000:         18         10         16         20         10
  2005:         14         12         13         12         15
  2010:         10         14         16         16         19
  2015:         16          0          0          0          0
  2020:          0          0          0          0          0
  2025:          0          0          0          0          0
  2030:          0          0          0          0          0
  2035:          0          0          0          0          0
  2040:          0          0          0          0          0
  2045:          0          0          0
