       0
       0
       2
       1
       0
       0
       0
       0
       0
    1012
   17150
   16191
    3354
     166
      90
      90
      88
     101
      76
     109
      82
     102
     114
     113
     105
     105
     117
     100
     101
     102
     122
     123
     132
     117
     117
     140
     120
     133
     130
     137
     127
     122
     159
     143
     156
     177
     169
     148
     140
     179
     168
     134
     181
     172
     167
     177
     130
     171
     151
     185
     164
     191
     175
     167
     172
     185
     178
     224
     205
     242
     212
     214
     239
     240
     240
     265
     250
     272
     260
     308
     283
     247
     290
     278
     293
     333
     322
     350
     319
     367
     355
     356
     367
     385
     394
     402
     375
     403
     390
     390
     382
     441
     474
     457
     447
     419
     475
     428
     471
     453
     471
     477
     473
     507
     522
     488
     501
     487
     514
     521
     524
     496
     507
     546
     503
     501
     486
     519
     495
     523
     500
     498
     507
     512
     500
     481
     517
     542
     546
     513
     549
     549
     457
     493
     499
     500
     509
     512
     457
     456
     511
     492
     481
     465
     504
     489
     488
     455
     530
     486
     492
     491
     465
     479
     498
     488
     471
     450
     473
     451
     492
     443
     494
     438
     466
     473
     455
     454
     485
     473
     438
     416
     448
     451
     459
     458
     435
     452
     445
     420
     388
     413
     437
     418
     458
     448
     403
     454
     455
     421
     429
     380
     409
     431
     418
     413
     415
     382
     391
     406
     442
     389
     382
     405
     384
     400
     360
     391
     361
     376
     376
     367
     375
     365
     365
     379
     372
     362
     344
     366
     331
     318
     352
     341
     333
     327
     349
     365
     357
     303
     332
     306
     323
     289
     294
     293
     318
     312
     312
     305
     308
     291
     301
     313
     294
     316
     287
     315
     310
     307
     304
     325
     305
     300
     268
     282
     265
     303
     309
     298
     301
     287
     277
     306
     261
     266
     270
     288
     293
     289
     283
     272
     281
     258
     275
     282
     274
     252
     260
     243
     250
     237
     251
     261
     267
     262
     267
     243
     274
     249
     281
     257
     235
     227
     269
     242
     243
     261
     261
     239
     255
     247
     236
     236
     259
     251
     261
     275
     248
     224
     248
     256
     239
     235
     233
     260
     245
     264
     249
     258
     238
     231
     243
     246
     242
     219
     267
     220
     211
     233
     231
     225
     245
     223
     234
     228
     226
     211
     203
     230
     214
     201
     214
     202
     220
     202
     200
     190
     196
     198
     182
     198
     192
     192
     153
     185
     182
     165
     179
     161
     210
     162
     186
     152
     177
     180
     164
     187
     148
     150
     168
     143
     156
     153
     155
     156
     151
     140
     151
     175
     146
     150
     160
     139
     153
     148
     142
     126
     155
     142
     156
     152
     148
     136
     141
     142
     163
     141
     149
     157
     129
     160
     152
     110
     152
     151
     149
     123
     119
     135
     146
     134
     124
     147
     139
     129
     139
     143
     122
     152
     137
     128
     125
     107
     107
     108
     118
     113
     122
     122
     124
     131
     134
     121
     138
      96
      94
     119
     122
     121
     122
     112
     135
     115
     120
     123
     119
      99
     108
     106
     103
      86
     107
      93
     104
     112
     107
     116
      97
      90
     121
     119
      85
     102
      93
     101
      80
     107
      95
      88
      95
     105
     101
     123
     101
      99
     101
     114
     118
     106
     116
     122
      97
     116
      94
     106
      96
      95
     108
     118
      84
      88
      94
     111
     106
     106
     121
      88
     101
      87
      93
      94
     107
      95
      86
     106
      95
      79
      75
      84
      82
      86
      78
      81
      80
      85
     102
      86
      68
      75
      71
      76
      86
      97
      68
      86
      73
      61
      73
      81
      73
      57
      66
      77
      66
      59
      52
      70
      64
      74
      63
      52
      81
      80
      64
      70
      62
      81
      59
      60
      74
      68
      74
      60
      65
      47
      71
      59
      53
      67
      65
      70
      64
      76
      52
      57
      56
      61
      61
      54
      67
      67
      73
      63
      63
      77
      82
      52
      56
      60
      57
      63
      48
      57
      60
      64
      55
      54
      61
      72
      53
      63
      56
      63
      54
      50
      70
      54
      63
      59
      54
      48
      63
      55
      49
      63
      63
      53
      63
      52
      49
      53
      66
      55
      45
      59
      42
      42
      67
      67
      47
      66
      55
      49
      53
      55
      63
      48
      49
      48
      56
      55
      53
      55
      56
      64
      61
      41
      60
      32
      58
      45
      51
      40
      55
      53
      60
      42
      47
      52
      43
      57
      49
      52
      54
      51
      46
      61
      52
      42
      43
      48
      30
      61
      49
      58
      43
      32
      53
      51
      32
      57
      42
      50
      54
      51
      48
      46
      44
      44
      32
      59
      44
      52
      39
      40
      44
      42
      48
      40
      38
      44
      43
      49
      36
      50
      43
      47
      39
      47
      43
      44
      43
      47
      38
      55
      46
      42
      47
      45
      44
      39
      46
      40
      37
      30
      36
      48
      42
      22
      36
      35
      52
      28
      44
      41
      39
      42
      41
      32
      43
      36
      52
      46
      43
      45
      44
      56
      46
      46
      43
      29
      48
      45
      31
      35
      42
      43
      40
      28
      36
      39
      44
      32
      48
      37
      33
      28
      36
      29
      39
      38
      24
      36
      40
      29
      35
      48
      42
      28
      34
      30
      37
      37
      34
      40
      48
      37
      38
      23
      36
      33
      38
      37
      32
      52
      42
      45
      36
      36
      33
      28
      35
      35
      38
      34
      27
      45
      40
      37
      48
      45
      40
      45
      40
      40
      46
      42
      38
      41
      45
      40
      30
      41
      50
      35
      49
      54
      42
      47
      41
      41
      47
      38
      40
      42
      52
      45
      53
      46
      44
      49
      49
      47
      54
      31
      58
      37
      56
      40
      41
      48
      46
      43
      41
      48
      32
      38
      45
      37
      41
      49
      48
      37
      36
      39
      28
      35
      39
      42
      37
      34
      42
      30
      21
      31
      39
      43
      39
      44
      46
      34
      37
      33
      25
      39
      32
      38
      30
      52
      32
      36
      39
      40
      36
      19
      40
      28
      41
      33
      41
      42
      37
      39
      30
      38
      35
      42
      39
      39
      35
      33
      32
      37
      33
      30
      41
      33
      27
      31
      28
      41
      30
      37
      42
      35
      34
      29
      24
      27
      33
      36
      31
      34
      30
      40
      35
      45
      37
      29
      40
      34
      33
      37
      30
      26
      42
      26
      36
      36
      34
      25
      38
      18
      29
      27
      23
      28
      24
      37
      43
      28
      35
      30
      24
      31
      18
      28
      29
      34
      28
      18
      19
      27
      29
      37
      21
      27
      18
      25
      30
      25
      21
      18
      19
      28
      25
      35
      30
      34
      32
      20
      21
      24
      30
      30
      26
      27
      26
      30
      25
      19
      25
      32
      30
      31
      16
      22
      32
      22
      18
      22
      33
      31
      25
      26
      26
      29
      33
      29
      25
      24
      28
      28
      22
      29
      26
      35
      24
      24
      36
      28
      23
      31
      24
      38
      23
      29
      31
      25
      28
      23
      21
      20
      32
      21
      23
      39
      26
      30
      32
      18
      16
      33
      28
      32
      25
      29
      19
      23
      28
      23
      32
      22
      28
      16
      23
      28
      33
      27
      26
      21
      30
      24
      26
      31
      29
      26
      13
      27
      40
      23
      28
      22
      22
      24
      21
      24
      27
      36
      35
      21
      29
      33
      19
      16
      23
      24
      23
      31
      20
      21
      27
      23
      25
      29
      38
      20
      23
      30
      35
      25
      25
      36
      31
      23
      25
      28
      25
      30
      26
      29
      28
      30
      23
      39
      27
      20
      30
      23
      22
      35
      36
      23
      29
      31
      25
      31
      27
      35
      21
      21
      23
      31
      28
      21
      27
      27
      27
      27
      26
      35
      26
      22
      34
      21
      30
      29
      24
      19
      26
      30
      25
      25
      17
      24
      24
      22
      20
      20
      33
      32
      22
      31
      25
      20
      28
      32
      29
      26
      40
      21
      23
      24
      31
      26
      23
      17
      27
      30
      28
      26
      27
      28
      30
      35
      23
      34
      26
      20
      23
      30
      31
      20
      24
      20
      18
      34
      28
      39
      24
      27
      31
      23
      25
      21
      29
      38
      13
      25
      27
      26
      38
      27
      23
      29
      29
      28
      29
      22
      26
      23
      23
      24
      15
      16
      22
      23
      40
      22
      29
      24
      26
      30
      23
      24
      32
      24
      21
      29
      25
      32
      22
      35
      26
      33
      33
      25
      31
      32
      33
      29
      22
      23
      21
      21
      22
      25
      24
      23
      23
      22
      25
      23
      30
      29
      23
      28
      27
      25
      34
      22
      29
      27
      24
      25
      27
      26
      28
      41
      30
      29
      31
      19
      21
      23
      26
      29
      18
      28
      33
      14
      24
      20
      14
      27
      25
      21
      19
      21
      17
      20
      19
      19
      13
      30
      29
      24
      33
      22
      22
      20
      35
      26
      12
      12
      28
      20
      21
      19
      31
      15
       9
      20
      22
      16
      22
      28
      18
      24
      24
      18
      24
      19
      25
      27
      23
      23
      20
      17
      13
      22
      21
      15
      24
      21
      25
      28
      21
      25
      17
      17
      20
      18
      16
      18
      16
      12
      27
      15
      17
      20
      20
      17
      19
      14
      21
      17
      17
      15
      22
      18
      15
      12
      26
      20
      16
      19
      20
      15
      23
      19
      17
      20
      18
      17
      17
      14
      17
      20
      13
      17
      16
      18
      19
      16
      20
      13
      21
      19
      18
      19
      25
      16
      20
      18
      13
      11
      14
      14
      18
      14
      17
      16
      15
      19
      11
      21
      16
      17
      13
      19
      24
      28
      19
      14
      16
      25
      15
       9
      19
      13
      12
      20
      29
      16
      17
      17
      25
      12
      20
      12
      18
      16
      23
      14
      13
      19
      12
      20
      25
      16
      15
      19
      14
      21
      19
      17
      20
      22
      18
       7
      17
      14
      19
       9
      12
      15
      18
      22
      10
      22
      12
      21
      12
      17
      11
      21
      13
      20
      21
      12
      19
      16
      17
      19
      24
      21
      14
      15
      16
      10
      17
      19
       8
      13
      19
      11
      19
      20
      18
      19
      14
      17
      15
      10
      21
      14
      19
      16
      15
      23
       9
      16
      23
      16
      20
       6
      13
      21
      23
      25
      15
      16
       7
      11
      13
      18
      15
      18
      19
      20
      22
      19
      19
      20
      12
      35
      30
      26
      25
      24
      24
      25
      18
      13
      23
      27
      29
      16
      24
      27
      25
      23
      19
      34
      16
      27
      31
      22
      34
      27
      25
      35
      33
      29
      25
      35
      34
      35
      36
      32
      30
      33
      41
      40
      45
      22
      39
      43
      29
      36
      43
      56
      61
      45
      46
      45
      57
      38
      51
      34
      39
      43
      46
      45
      48
      37
      55
      39
      32
      52
      45
      43
      35
      31
      48
      34
      38
      53
      30
      60
      45
      46
      37
      39
      43
      51
      22
      43
      45
      32
      29
      38
      38
      27
      40
      38
      42
      24
      44
      36
      29
      30
      23
      29
      35
      38
      29
      30
      31
      26
      30
      23
      30
      26
      22
      25
      18
      28
      24
      22
      26
      24
      19
      20
      10
      17
      14
      15
      15
      17
      17
      20
      23
      12
      16
      15
      17
      18
      16
       9
       9
       9
      11
      13
       9
      12
       9
       9
      11
      15
      11
      11
      16
      11
      14
       7
       7
      10
       6
      11
      12
       7
       3
      10
      11
      11
      11
       3
      11
       8
       7
       5
       5
       6
      13
      15
       9
       8
      12
       7
      10
       7
       7
      15
       6
      10
       7
       7
       9
       7
      12
       9
       6
       6
       7
      11
       5
      10
       9
      10
       7
       3
       9
      11
      12
       5
      12
      14
       9
      14
      13
      11
       7
      12
       8
      12
      10
      16
      16
      12
      14
      13
      17
      11
       7
      19
      17
      16
      15
      16
      14
      25
      17
      18
      20
      20
      12
      18
      19
      27
      16
      14
      34
      21
      23
      25
      17
      23
      23
      21
      21
      23
      22
      23
      31
      26
      24
      23
      22
      22
      30
      31
      25
      19
      27
      34
      32
      31
      36
      40
      23
      30
      23
      31
      40
      36
      28
      44
      34
      22
      34
      41
      34
      22
      26
      30
      36
      38
      34
      29
      28
      31
      35
      37
      27
      34
      30
      34
      27
      24
      26
      28
      29
      36
      30
      24
      24
      18
      25
      29
      37
      27
      22
      18
      22
      13
      27
      26
      21
      24
      22
      29
      34
      17
      14
      20
      18
      24
      19
      13
      19
      17
      14
      20
      14
      14
      23
      13
      11
      22
      14
      19
       8
      12
      20
      14
       6
       8
      14
       7
       8
       7
       8
      11
      10
      13
       8
       9
       9
      16
       8
       7
      11
      10
      14
      10
      14
       5
       3
       6
      13
       8
       7
      11
       7
       8
      10
       6
      13
       2
      10
       5
       8
       6
       5
       4
       7
      12
      10
      10
       8
       7
       7
       8
      10
       9
       8
       9
       9
      15
      10
      10
      10
      12
      12
       8
      14
       8
       9
       9
      11
       9
       8
      18
      14
       7
      11
      16
      11
      11
       8
      10
       9
      10
      10
      11
      13
      12
       8
      13
      14
      22
      18
      14
      13
      19
      18
       4
      16
      14
      13
      16
      19
      19
      14
      18
      10
      10
      17
      11
      16
      15
      13
      13
      13
      17
      13
      20
      18
      10
      16
      20
      10
      14
      12
      13
      12
      15
      10
      14
      16
      16
      19
      16
       0
       0
       0
       0
       0
       0
       0
       0
       0
       0
       0
       0
       0
       0
       0
       0
       0
       0
       0
       0
       0
       0
       0
       0
       0
       0
       0
       0
       0
       0
       0
       0
