ACQUISITION INFORMATION

Detector ID:  1
Detector description:
LAB4D1 Easy-MCA-2k SN 18162513
Sample description:

Real Time:  86490.158067
Live Time:  86191.698073
Acquisition start date:  06Nov2019
Acquisition start time:  11:06:10
Starting channel number:   0
Number of channels:   2048


CALIBRATION INFORMATION

ENERGY CALIBRATION
Units:
Energy Fit:  0.000000E+000  1.000000E+000  0.000000E+000
FWHM Fit:  1.000000E+000  0.000000E+000  0.000000E+000
Efficiency Terms:  0.000000  0.000000  0.000000  0.000000  0.000000
  0.000000  0.000000  0.000000  0.000000  0.000000


SPECTRUM
     0:          0          0          5          5          1
     5:          1          0          0          0      54832
    10:     772906     696318     168438       8913       5934
    15:       5938       6233       6266       6265       6327
    20:       6536       6523       6614       6775       6906
    25:       6979       7108       7215       7292       7412
    30:       7588       7649       7800       8164       8197
    35:       8344       8365       8485       8848       8971
    40:       8938       9152       9542       9496       9788
    45:       9731       9855      10105      10179      10383
    50:      10150      10533      10533      10706      10769
    55:      10764      10867      10819      10936      11135
    60:      11144      11378      11462      11941      12169
    65:      12238      12595      12815      13375      13667
    70:      14041      14529      14977      15191      15806
    75:      16319      16536      16928      17419      18026
    80:      18237      18937      19278      20089      20639
    85:      21040      21860      22292      22947      23238
    90:      23975      24681      24974      25663      26275
    95:      26941      27943      28264      28681      29441
   100:      29789      30209      30604      31320      31451
   105:      32051      32269      32970      33384      33877
   110:      34298      34606      34885      35511      35967
   115:      36255      36598      36713      37380      37035
   120:      37437      37406      37698      37805      37901
   125:      37629      37671      37651      37348      37782
   130:      37861      37895      37668      37417      37321
   135:      37674      38190      37326      37822      37168
   140:      37580      37521      37307      37501      37345
   145:      37204      37160      37106      36690      36654
   150:      36714      36542      36505      35957      36195
   155:      36164      35600      35837      36084      35699
   160:      35623      35258      35211      35386      35210
   165:      35358      34980      35306      35094      34570
   170:      34238      34675      34715      34344      34036
   175:      34379      33834      33805      33758      33553
   180:      33058      33605      33023      32871      33480
   185:      32926      33127      32677      32551      32173
   190:      32378      32140      32075      31756      31792
   195:      31402      31310      31221      31127      30549
   200:      30112      30465      30223      30059      29867
   205:      29927      29716      29401      29499      29040
   210:      28918      28606      28753      28207      28176
   215:      28062      27787      27695      27560      27629
   220:      27449      27075      26970      26685      26452
   225:      26678      26330      26066      25701      25722
   230:      25538      25198      25063      25279      25036
   235:      24767      24829      24467      24244      24208
   240:      23925      23767      23770      23753      23307
   245:      23176      23132      22945      22679      22573
   250:      22628      22342      22483      22123      21968
   255:      22293      22092      21940      21644      21615
   260:      21718      21283      21425      20999      21192
   265:      21184      21224      20606      20570      20497
   270:      20534      20359      20275      20330      19940
   275:      20223      19656      19572      19473      19260
   280:      19472      19084      19251      18639      18692
   285:      18509      18446      18572      18265      18259
   290:      18013      18012      17978      17750      17769
   295:      17412      17731      17611      17176      17169
   300:      17117      17079      17132      16721      16610
   305:      16891      16563      16473      16825      16477
   310:      16369      16176      16265      16037      16073
   315:      16045      15939      16066      15877      16100
   320:      15858      15796      15653      15867      15607
   325:      15791      15859      15709      15713      15880
   330:      15635      15689      15627      15709      15606
   335:      15809      15667      15455      15496      15760
   340:      15284      15049      15264      15194      15103
   345:      14988      15066      14830      14555      14647
   350:      14460      14155      14109      14060      13764
   355:      13568      13629      13272      12984      13061
   360:      12758      12616      12384      12494      12112
   365:      11846      11999      11755      11549      11196
   370:      11156      11123      11159      10605      10875
   375:      10847      10316      10421      10506      10566
   380:      10225      10033      10064      10030       9996
   385:      10086       9924       9747       9783       9729
   390:       9717       9752       9498       9406       9276
   395:       9347       9482       9354       9236       9371
   400:       9440       9472       9152       9175       9118
   405:       8983       9001       9342       9111       9002
   410:       9054       8874       8928       9003       8887
   415:       8694       8771       8780       8849       8683
   420:       8801       8575       8468       8456       8353
   425:       8521       8473       8307       8534       8180
   430:       8071       8220       8098       7891       7928
   435:       7984       7828       7677       7753       7550
   440:       7528       7504       7435       7327       7243
   445:       7235       7111       7096       7134       6999
   450:       6846       6838       6831       6727       6841
   455:       6705       6638       6730       6559       6577
   460:       6624       6669       6681       6471       6659
   465:       6534       6609       6597       6516       6568
   470:       6583       6662       6664       6728       6544
   475:       6699       6653       6744       6622       6556
   480:       6722       6651       6544       6736       6658
   485:       6613       6791       6740       6603       6719
   490:       6725       6659       6718       6583       6755
   495:       6643       6680       6728       6648       6588
   500:       6651       6391       6565       6471       6257
   505:       6268       6228       6236       6181       6144
   510:       5965       6013       5978       5947       5885
   515:       5721       5570       5490       5599       5498
   520:       5456       5239       5238       5204       4977
   525:       5005       4872       4993       4851       4696
   530:       4825       4633       4590       4529       4432
   535:       4380       4287       4358       4170       4250
   540:       4270       4240       4296       4075       4074
   545:       4042       3895       3849       3915       3956
   550:       3952       3837       3996       3886       3765
   555:       3825       3725       3757       3770       3857
   560:       3662       3613       3640       3789       3667
   565:       3663       3716       3585       3577       3562
   570:       3563       3519       3677       3471       3525
   575:       3551       3478       3395       3485       3510
   580:       3431       3473       3358       3346       3471
   585:       3327       3454       3337       3318       3375
   590:       3340       3247       3283       3342       3266
   595:       3299       3268       3192       3255       3196
   600:       3258       3070       3134       3174       3164
   605:       3138       3186       3096       3048       3178
   610:       3028       3136       3122       2982       2982
   615:       3019       2953       2970       3029       2938
   620:       3052       2973       2974       2923       3125
   625:       2879       2863       2972       2836       2904
   630:       2990       2923       2886       2908       2858
   635:       2990       2897       2791       2814       2865
   640:       2738       2822       2852       2821       2826
   645:       2798       2694       2780       2777       2804
   650:       2751       2723       2817       2770       2654
   655:       2606       2781       2723       2860       2700
   660:       2678       2810       2760       2635       2717
   665:       2639       2605       2750       2645       2559
   670:       2653       2666       2560       2637       2660
   675:       2593       2624       2611       2635       2627
   680:       2602       2558       2618       2554       2596
   685:       2580       2569       2560       2497       2526
   690:       2468       2646       2570       2550       2589
   695:       2527       2608       2565       2439       2506
   700:       2501       2508       2607       2527       2553
   705:       2517       2512       2490       2643       2615
   710:       2480       2557       2457       2477       2530
   715:       2453       2519       2415       2549       2451
   720:       2527       2463       2540       2520       2447
   725:       2438       2514       2455       2461       2384
   730:       2386       2300       2362       2337       2452
   735:       2211       2258       2313       2376       2360
   740:       2229       2202       2217       2346       2283
   745:       2219       2244       2251       2204       2176
   750:       2189       2162       2219       2172       2138
   755:       2141       2087       2093       2110       2111
   760:       2146       2161       2054       2125       2067
   765:       2129       2088       2040       2040       2032
   770:       2069       2113       2034       2012       2066
   775:       2028       2071       2089       2118       2007
   780:       2007       2097       2142       2015       2056
   785:       2151       2096       2120       2166       2159
   790:       2243       2138       2193       2176       2204
   795:       2251       2277       2166       2270       2237
   800:       2334       2275       2421       2338       2340
   805:       2393       2365       2307       2333       2361
   810:       2452       2347       2441       2408       2416
   815:       2449       2381       2502       2500       2521
   820:       2495       2489       2616       2519       2670
   825:       2622       2665       2685       2640       2715
   830:       2579       2647       2637       2734       2696
   835:       2717       2650       2680       2694       2708
   840:       2747       2639       2697       2698       2696
   845:       2719       2688       2695       2764       2709
   850:       2690       2545       2646       2620       2588
   855:       2707       2641       2600       2585       2604
   860:       2504       2522       2506       2497       2460
   865:       2381       2406       2400       2251       2378
   870:       2385       2199       2253       2239       2220
   875:       2209       2225       2186       2088       2133
   880:       2082       2016       2072       2044       2015
   885:       1898       1906       1890       1879       1795
   890:       1813       1804       1779       1762       1724
   895:       1699       1691       1608       1597       1610
   900:       1586       1622       1592       1481       1565
   905:       1482       1574       1481       1498       1490
   910:       1466       1445       1458       1456       1393
   915:       1435       1426       1412       1374       1385
   920:       1438       1409       1296       1376       1346
   925:       1378       1344       1320       1379       1401
   930:       1342       1272       1325       1377       1301
   935:       1349       1246       1310       1269       1385
   940:       1315       1280       1305       1276       1345
   945:       1301       1326       1231       1296       1370
   950:       1259       1226       1277       1253       1261
   955:       1241       1285       1277       1227       1201
   960:       1268       1346       1244       1226       1226
   965:       1217       1248       1253       1206       1192
   970:       1227       1209       1235       1256       1220
   975:       1144       1261       1202       1322       1182
   980:       1257       1241       1209       1235       1238
   985:       1218       1230       1163       1206       1213
   990:       1157       1217       1195       1229       1169
   995:       1174       1185       1273       1208       1237
  1000:       1194       1169       1248       1275       1221
  1005:       1210       1124       1161       1212       1206
  1010:       1154       1204       1277       1212       1226
  1015:       1165       1159       1234       1195       1193
  1020:       1171       1196       1130       1213       1241
  1025:       1150       1161       1150       1189       1143
  1030:       1114       1206       1160       1206       1210
  1035:       1129       1227       1141       1142       1147
  1040:       1126       1184       1162       1147       1126
  1045:       1150       1171       1189       1088       1170
  1050:       1152       1098       1151       1122       1172
  1055:       1180       1199       1219       1161       1178
  1060:       1159       1130       1177       1143       1147
  1065:       1181       1189       1089       1117       1158
  1070:       1163       1089       1115       1227       1117
  1075:       1168       1126       1142       1179       1063
  1080:       1147       1119       1103       1141       1119
  1085:       1115       1097       1186       1149       1120
  1090:       1089       1171       1080       1100       1113
  1095:       1079       1100       1123       1093       1079
  1100:       1139       1024       1080       1052       1115
  1105:       1052       1046       1043       1067       1059
  1110:       1066       1029       1065       1026       1037
  1115:       1027       1022        982       1056       1011
  1120:       1027        995       1009       1014       1002
  1125:       1007       1028       1033        980       1005
  1130:        995       1045        958        998        952
  1135:        953        955        976       1005        894
  1140:        933       1023        957        943        976
  1145:        944        899        908        938        957
  1150:        942        934        913        937        897
  1155:        926        925        959        968        936
  1160:        966        966        927        897        900
  1165:        903        904        921        868        900
  1170:        950        908        868        947        938
  1175:        868        923        903        918        938
  1180:        926        858        924        846        866
  1185:        961        949        880        912        923
  1190:        877        872        948        856        889
  1195:        947        957        917        973        951
  1200:        875        848        852        971        920
  1205:        887        910        851        943        929
  1210:        923        912        950        945        939
  1215:        922        922        956        932        887
  1220:        978        936        913        934        941
  1225:        971        958        885        915       1014
  1230:        956        907        951        983        916
  1235:        954       1004        965        907       1037
  1240:        974        986       1027       1013       1008
  1245:       1025       1028        982       1074       1047
  1250:       1063       1039       1075       1024       1021
  1255:       1043       1004       1070       1035        984
  1260:       1021       1056       1087       1019       1053
  1265:       1077       1077       1022       1005       1032
  1270:       1072       1076       1010        981       1025
  1275:       1102       1029       1088       1016       1002
  1280:        998       1044       1060       1018        971
  1285:        992       1004       1030       1026        942
  1290:        990       1056        989       1031        923
  1295:       1033        983        969       1025        979
  1300:       1014        999       1007        977        987
  1305:        973       1009       1007        952        957
  1310:       1006        927        977        926        930
  1315:        941        917        962        963        889
  1320:       1002        917        965        973        878
  1325:        923        930        902        887        898
  1330:        951        956        957        931        909
  1335:        948        942        981        923        939
  1340:        908        889        912        884        932
  1345:        863        906        926        870        857
  1350:        912        856        824        862        834
  1355:        887        883        853        819        874
  1360:        869        821        821        849        829
  1365:        820        769        807        807        842
  1370:        807        840        830        795        793
  1375:        743        807        777        718        793
  1380:        778        813        781        733        724
  1385:        730        744        733        712        681
  1390:        692        730        720        734        720
  1395:        716        665        741        675        696
  1400:        666        708        639        652        737
  1405:        700        687        699        660        659
  1410:        620        668        676        638        657
  1415:        624        617        651        627        656
  1420:        653        689        638        642        634
  1425:        626        655        683        674        667
  1430:        642        614        605        605        613
  1435:        632        629        623        634        607
  1440:        653        657        680        652        647
  1445:        691        616        600        598        654
  1450:        657        589        650        658        656
  1455:        658        681        623        703        636
  1460:        627        686        666        628        670
  1465:        682        712        652        700        703
  1470:        646        650        647        618        632
  1475:        664        634        721        635        660
  1480:        683        668        655        665        628
  1485:        693        655        711        710        653
  1490:        655        733        723        684        698
  1495:        732        707        660        742        727
  1500:        705        710        690        736        704
  1505:        701        720        735        707        661
  1510:        741        713        729        767        725
  1515:        737        735        739        752        753
  1520:        768        722        761        719        764
  1525:        804        759        772        744        817
  1530:        752        796        768        753        792
  1535:        739        757        808        754        758
  1540:        768        791        747        773        786
  1545:        767        747        798        777        804
  1550:        786        789        772        765        762
  1555:        769        740        785        708        767
  1560:        772        765        763        752        735
  1565:        752        775        749        789        780
  1570:        761        700        747        722        786
  1575:        755        735        732        695        756
  1580:        709        747        691        667        694
  1585:        695        679        654        671        666
  1590:        689        704        660        647        687
  1595:        675        641        683        679        660
  1600:        677        626        675        665        618
  1605:        657        641        664        649        645
  1610:        654        589        635        623        657
  1615:        579        606        634        604        604
  1620:        608        581        610        600        608
  1625:        644        595        578        579        596
  1630:        609        615        530        612        570
  1635:        565        587        604        595        617
  1640:        549        535        598        536        589
  1645:        529        515        555        534        521
  1650:        566        534        537        591        552
  1655:        580        576        541        548        512
  1660:        516        547        522        553        514
  1665:        559        547        540        573        531
  1670:        546        516        515        555        558
  1675:        512        524        507        502        507
  1680:        513        518        503        506        504
  1685:        500        524        481        518        484
  1690:        510        481        494        460        512
  1695:        493        490        506        478        522
  1700:        467        459        464        474        480
  1705:        462        472        439        456        459
  1710:        486        442        450        451        484
  1715:        416        449        457        444        392
  1720:        383        400        437        413        406
  1725:        433        448        428        416        380
  1730:        367        406        429        401        373
  1735:        366        374        378        410        390
  1740:        373        352        394        383        391
  1745:        365        375        373        336        387
  1750:        382        341        338        358        366
  1755:        351        329        349        346        315
  1760:        379        349        365        336        332
  1765:        322        351        352        345        311
  1770:        325        312        337        308        296
  1775:        294        309        274        288        304
  1780:        301        294        290        321        299
  1785:        323        294        306        265        329
  1790:        294        262        301        288        292
  1795:        288        311        278        273        279
  1800:        308        265        306        287        275
  1805:        267        270        279        272        266
  1810:        262        291        254        256        280
  1815:        249        253        282        307        263
  1820:        269        290        287        248        276
  1825:        306        285        287        287        265
  1830:        236        298        292        276        273
  1835:        275        297        280        277        257
  1840:        260        299        263        314        302
  1845:        286        286        306        291        282
  1850:        292        257        320        291        303
  1855:        269        268        302        246        279
  1860:        277        302        312        296        304
  1865:        306        298        286        334        307
  1870:        339        340        333        325        312
  1875:        326        285        308        326        319
  1880:        345        325        338        325        350
  1885:        365        329        354        350        353
  1890:        346        351        379        362        378
  1895:        385        382        398        396        396
  1900:        432        400        398        371        378
  1905:        415        412        438        456        434
  1910:        439        456        457        452        468
  1915:        470        490        495        516        486
  1920:        532        527        528        553        533
  1925:        550        510        556        551        596
  1930:        618        600        642        631        625
  1935:        702        675        676        655        718
  1940:        630        700        741        671        748
  1945:        755        737        775        775        828
  1950:        827        851        834        852        868
  1955:        901        906        944        926        936
  1960:        947        976        989       1000        982
  1965:        991        971       1068       1060       1073
  1970:       1049       1073       1131       1106       1151
  1975:       1113       1077       1074       1182       1145
  1980:       1149       1139       1176       1157       1218
  1985:       1187       1204       1185       1228       1197
  1990:       1240       1255       1196       1195       1113
  1995:       1196       1203       1199       1176       1126
  2000:       1131       1200       1181       1116       1149
  2005:       1146       1132       1158       1107       1143
  2010:       1117       1080       1086       1074       1077
  2015:       1105          0          0          0          0
  2020:          0          0          0          0          0
  2025:          0          0          0          0          0
  2030:          0          0          0          0          0
  2035:          0          0          0          0          0
  2040:          0          0          0          0          0
  2045:          0          0          0
