ACQUISITION INFORMATION

Detector ID:  1
Detector description:
LAB4D1 Easy-MCA-2k SN 18162513
Sample description:

Real Time:  299.999993
Live Time:  298.759993
Acquisition start date:  05Nov2019
Acquisition start time:  18:34:05
Starting channel number:   0
Number of channels:   2048


CALIBRATION INFORMATION

ENERGY CALIBRATION
Units:
Energy Fit:  0.000000E+000  1.000000E+000  0.000000E+000
FWHM Fit:  1.000000E+000  0.000000E+000  0.000000E+000
Efficiency Terms:  0.000000  0.000000  0.000000  0.000000  0.000000
  0.000000  0.000000  0.000000  0.000000  0.000000


SPECTRUM
     0:          0          0          0          0          0
     5:          0          0          0          0        137
    10:       2512       2519        601         41         28
    15:         41         29         43         24         34
    20:         32         31         26         46         36
    25:         37         27         36         38         39
    30:         37         41         41         32         40
    35:         40         37         47         51         57
    40:         42         50         52         63         60
    45:         60         61         60         70         63
    50:         78         65         70         57         66
    55:         69         50         59         65         59
    60:         51         66         48         44         44
    65:         64         73         60         77         70
    70:         67         69         60         47         55
    75:         68         57         80         83         86
    80:         84         93         98         80         86
    85:        121        106         88         77        115
    90:        101        125        116        110        119
    95:        104        114        110        141        107
   100:        135        133        135        110        123
   105:        125        109        134        121        158
   110:        135        162        153        141        135
   115:        138        131        157        155        139
   120:        143        158        160        149        159
   125:        161        168        150        152        146
   130:        170        156        171        150        159
   135:        154        129        143        170        153
   140:        170        131        154        153        139
   145:        163        153        150        151        156
   150:        149        149        142        140        142
   155:        130        135        152        141        127
   160:        148        146        153        149        154
   165:        152        151        153        151        149
   170:        141        132        135        132        146
   175:        128        175        155        141        132
   180:        148        154        129        140        105
   185:        143        135        123        143        140
   190:        129        147        136        139        128
   195:        141        120        116        152        121
   200:        151        115        135        114        112
   205:        132        124        129        120        112
   210:        105        119        140        127        116
   215:        115        111        120        127        124
   220:        117        106        109         96        107
   225:        116        109        121        110        118
   230:        116        123        123         91        100
   235:        114        113        102         93        102
   240:        106         89         93        103        108
   245:        104         92        122        106        103
   250:         97         94         82         91         95
   255:        111         93         93        109         98
   260:         97        100        102         89         75
   265:        101         93         98         83         95
   270:        109         88         88        100         89
   275:         91         91         93         88         90
   280:        105         90         84         90         77
   285:         94         94         92         84         70
   290:         93         81         96         89         86
   295:         75         79         81         95         69
   300:         81         82         61         80         78
   305:         59         83         78         87         75
   310:         78         67         97         86         75
   315:         81         72         66         77         81
   320:         62         65         75         73         61
   325:         79         92         59         75         83
   330:         83         67         89         82         71
   335:         64         61         72         81         61
   340:         65         60         73         70         57
   345:         80         67         61         58         74
   350:         60         67         75         66         63
   355:         74         59         60         68         49
   360:         72         66         60         60         56
   365:         51         55         59         55         50
   370:         47         56         43         60         62
   375:         43         67         50         47         47
   380:         42         42         53         46         33
   385:         55         52         57         39         60
   390:         44         55         35         43         46
   395:         36         28         53         43         53
   400:         46         52         29         44         38
   405:         43         29         56         43         43
   410:         47         46         42         45         47
   415:         41         42         47         41         56
   420:         49         51         46         39         46
   425:         44         29         29         42         33
   430:         51         53         37         35         26
   435:         45         42         36         38         39
   440:         38         51         39         35         35
   445:         35         39         39         42         31
   450:         40         37         33         32         29
   455:         28         33         32         32         30
   460:         38         37         29         37         34
   465:         41         32         26         33         29
   470:         25         30         42         39         38
   475:         37         38         35         35         26
   480:         33         29         26         38         31
   485:         33         27         35         31         28
   490:         32         34         36         27         38
   495:         32         25         44         35         30
   500:         31         41         29         27         45
   505:         31         25         24         32         37
   510:         29         31         29         29         37
   515:         25         37         26         18         32
   520:         24         28         24         28         27
   525:         28         25         25         28         28
   530:         31         27         21         18         22
   535:         22         22         29         29         20
   540:         18         25         23         22         22
   545:         23         21         30         23         22
   550:         27         25         26         13         22
   555:         20         23         23         23         27
   560:         24         29         32         24         27
   565:         23         26         24         15         22
   570:         26         36         17         20         19
   575:         17         21         20         23         30
   580:         10         24         19         20         21
   585:         16         16         26         18         19
   590:         24         14         24         20         20
   595:         22         22         23         14         22
   600:          5         20         14         26         26
   605:         18         15         18         13         18
   610:         16         24         25         18         23
   615:         18         14         15         19         18
   620:         21         11         11         16         16
   625:         26         16         22         20         16
   630:         21         22         22         20         14
   635:         13         19         17         11         25
   640:         15         15         15         18         16
   645:         21         16         13          9         19
   650:         17         13         19          9          8
   655:          6         14         14         15          8
   660:         16         16         15         13         16
   665:         16         10         11         14         13
   670:         22         14         14         15         19
   675:         10          6          9         10         14
   680:         10         10         16          8          9
   685:          8          7         14         10         12
   690:         11          9         11         11         16
   695:         16         15          8          6         13
   700:         12          9         19         11         10
   705:         15         14          7         15         10
   710:          7          6         12         13         16
   715:         16          8         13         11         10
   720:         15         16         12         10         12
   725:         11         13          7         13          9
   730:          9          9         13         10          9
   735:          8          7         12         10          8
   740:          9         15          7         10          9
   745:         10         16         11          9         10
   750:          5         10         15         10         11
   755:          5         10         10         11          8
   760:         14          9          8         11          3
   765:          7         11          9          8          4
   770:          9         10          9          6          5
   775:         10          9         14         10          4
   780:          7         10          8          5         12
   785:          8         12          7          7         18
   790:          8          9         13          3         11
   795:          6         10         11         11         10
   800:          5          8         11          7          7
   805:          9         11          6          8         11
   810:          5          9          6          7         13
   815:         16          5         11         15         12
   820:          8          8          9         11         10
   825:         11         11          7         12         12
   830:         10         12          4         10         11
   835:         10          7         11         20          7
   840:         10          7          8          4          7
   845:         16         11          8          8         10
   850:          8          9         12         12         17
   855:         14         11         10          9         16
   860:         15          6         10          9         21
   865:         20         10          9         20         13
   870:          9         14         19         16         15
   875:         18         21         21         20         20
   880:         20         16         21         23          9
   885:         23         22         17         21         32
   890:         24         23         21         35         35
   895:         17         28         27         29         21
   900:         31         31         31         35         42
   905:         33         36         46         35         37
   910:         44         34         41         36         38
   915:         48         38         37         48         45
   920:         49         44         47         43         42
   925:         54         44         46         44         43
   930:         36         36         42         49         44
   935:         29         39         49         53         43
   940:         36         43         35         40         29
   945:         36         26         56         26         32
   950:         42         25         33         26         34
   955:         24         15         22         24         32
   960:         20         20         21         22         21
   965:         22         17         15          6         18
   970:         15          9         11         15          7
   975:         10         13         11         10          7
   980:          9         11         14         10         12
   985:         10          6         11          5          9
   990:          5          8         10         10          6
   995:          9          4          9          7          7
  1000:          5          3          8          3          3
  1005:          4          5          6          3          1
  1010:          7          7          5          3          6
  1015:          7          6          3          2          4
  1020:          1          6          6          5          3
  1025:          2          9          7          5          4
  1030:          1          3          4          3          7
  1035:          3          3          3          3          4
  1040:          1          8          4          3          2
  1045:          6          4          4          9          5
  1050:          4          4          4          3          4
  1055:          3          3          2          6          4
  1060:          5          4          0          4          2
  1065:          9          4          3          3          2
  1070:          3          3          1          2          4
  1075:          6          4          2          6          2
  1080:          4          4          3          7         10
  1085:          2          3          2          4          3
  1090:          7          6          6          4          1
  1095:         10          1          7          2          3
  1100:          6          5          2          7          4
  1105:          0          6          2          3          3
  1110:          3          3          1          4          1
  1115:          5          6          0          5          3
  1120:          2          4          3          5          5
  1125:          8          3          1          3          4
  1130:          3          0          3          2          5
  1135:          5          7          0          2          3
  1140:          3          3          5          3          3
  1145:          1          2          1          4          1
  1150:          2          3          2          4          0
  1155:          3          5          6          2          1
  1160:          3          5          4          2          2
  1165:          1          3          3          1          3
  1170:          3          7          1          3          0
  1175:          2          2          2          3          5
  1180:          4          3          5          2          3
  1185:          3          2          0          3          5
  1190:          2          1          2          4          6
  1195:          8          1          4          1          2
  1200:          3          2          4          1          6
  1205:          3          2          2          5          6
  1210:          3          5          3          6          4
  1215:          5          1          6          6          5
  1220:          5          6          4          2          4
  1225:          5          1          1          1          7
  1230:          7          3          4          2          4
  1235:          2          3          2          3          1
  1240:          1          1          4          4          5
  1245:          3          4          3          3          3
  1250:          3          7          5          1          2
  1255:          2          0          4          3          5
  1260:          3          6          2          3          4
  1265:          3          2          5          2          5
  1270:          0          5          4          5          1
  1275:          5          2          6          1          5
  1280:         10          3          3          1          1
  1285:          3          1          2          3          5
  1290:          3          5          1          4          0
  1295:          0          6          4          5          1
  1300:          3          4          2          2          3
  1305:          7          2          3          5          3
  1310:          1          3          7          1          3
  1315:          4          3          1          8          4
  1320:          1          0          2          2          2
  1325:          3          3          3          5          5
  1330:          0          4          3          4          5
  1335:          2          3          3          3          1
  1340:          4          7          0          7          2
  1345:          4          4          6          1          2
  1350:          4          3          3          4          1
  1355:          5          7          2          2          5
  1360:          2          2          3          1          3
  1365:          1          2          3          2          1
  1370:          5          2          5          4          1
  1375:          0          2          1          6          6
  1380:          4          6          1          1          2
  1385:          2          3          1          7          3
  1390:          1          0          2          2          4
  1395:          3          4          2          4          1
  1400:          2          1          1          1          2
  1405:          2          2          1          3          2
  1410:          2          2          2          3          1
  1415:          2          3          2          1          2
  1420:          0          1          4          4          3
  1425:          2          0          7          3          2
  1430:          2          2          2          1          2
  1435:          3          0          1          1          4
  1440:          3          3          0          1          4
  1445:          1          2          3          7          4
  1450:          2          0          1          2          3
  1455:          2          1          3          5          0
  1460:          0          2          1          3          0
  1465:          3          1          1          1          1
  1470:          3          1          5          2          1
  1475:          3          1          1          3          1
  1480:          4          3          2          3          2
  1485:          0          0          2          1          1
  1490:          2          0          1          0          2
  1495:          3          2          3          3          3
  1500:          2          3          3          4          5
  1505:          4          2          5          2          1
  1510:          3          3          3          2          6
  1515:          2          5          2          5          1
  1520:          4          6          3          4          3
  1525:          2          3          5          1          3
  1530:          4          1          5          2          4
  1535:          7          2          2          7          5
  1540:          2          1          5          5          3
  1545:          1          2          1          2          3
  1550:          1          1          2          5          0
  1555:          2          5          1          0          3
  1560:          6          2          4          0          8
  1565:          3          1          2          1          1
  1570:          1          1          0          2          0
  1575:          2          0          2          3          0
  1580:          0          5          3          2          2
  1585:          3          2          3          3          3
  1590:          2          1          3          2          1
  1595:          3          2          4          0          3
  1600:          2          2          3          3          2
  1605:          5          2          2          1          2
  1610:          3          3          5          1          3
  1615:          4          6          1          2          1
  1620:          4          2          3          4          3
  1625:          1          0          5          2          1
  1630:          2          1          2          1          0
  1635:          0          2          4          0          1
  1640:          1          4          1          3          1
  1645:          1          1          1          3          1
  1650:          1          4          2          2          1
  1655:          4          2          1          2          1
  1660:          2          3          2          1          1
  1665:          4          1          1          3          2
  1670:          0          2          3          2          2
  1675:          2          3          2          4          4
  1680:          2          1          4          4          2
  1685:          1          1          3          2          2
  1690:          1          0          2          5          1
  1695:          5          0          1          2          0
  1700:          1          0          1          2          0
  1705:          0          0          1          1          2
  1710:          6          2          3          0          2
  1715:          0          3          1          0          3
  1720:          1          2          1          0          0
  1725:          0          2          1          0          4
  1730:          1          2          1          0          0
  1735:          0          0          2          0          2
  1740:          0          4          2          1          0
  1745:          1          2          2          2          0
  1750:          0          1          0          1          3
  1755:          0          1          1          1          0
  1760:          2          2          0          2          2
  1765:          1          0          0          0          2
  1770:          2          1          3          2          1
  1775:          0          1          1          0          2
  1780:          1          1          1          2          0
  1785:          1          3          0          2          2
  1790:          0          0          0          2          0
  1795:          3          1          2          0          2
  1800:          3          1          2          0          3
  1805:          2          0          2          1          1
  1810:          1          0          3          0          0
  1815:          3          2          0          1          0
  1820:          2          0          6          3          1
  1825:          0          2          0          1          1
  1830:          0          3          1          2          0
  1835:          0          0          0          1          2
  1840:          0          0          1          1          2
  1845:          0          1          2          2          4
  1850:          2          0          1          5          1
  1855:          3          1          3          2          1
  1860:          0          0          1          2          1
  1865:          1          0          0          1          1
  1870:          0          0          1          2          1
  1875:          0          3          1          0          0
  1880:          0          1          1          0          1
  1885:          0          1          0          1          0
  1890:          1          3          0          2          3
  1895:          1          0          0          1          2
  1900:          0          2          1          1          1
  1905:          2          0          2          1          1
  1910:          1          0          1          2          3
  1915:          4          1          0          2          2
  1920:          2          1          1          1          2
  1925:          2          3          3          5          4
  1930:          3          5          0          3          1
  1935:          3          1          0          2          2
  1940:          2          4          2          4          2
  1945:          4          2          2          4          0
  1950:          2          5          4          2          5
  1955:          2          5          5          4          3
  1960:          4          5          1          9          5
  1965:          4          0          4          3          3
  1970:          4          4          3          1          3
  1975:          6          3          2          3          4
  1980:          5          2          6          3          4
  1985:          4          2          4          9          0
  1990:          7          4          8          5          1
  1995:         11          7          2          3          1
  2000:          3          4          2          5          5
  2005:          4          4          2          0          5
  2010:          4          1          3          2          9
  2015:          1          0          0          0          0
  2020:          0          0          0          0          0
  2025:          0          0          0          0          0
  2030:          0          0          0          0          0
  2035:          0          0          0          0          0
  2040:          0          0          0          0          0
  2045:          0          0          0
