ACQUISITION INFORMATION

Detector ID:  1
Detector description:
LAB4D1 Easy-MCA-2k SN 18162513
Sample description:

Real Time:  299.999993
Live Time:  298.639993
Acquisition start date:  05Nov2019
Acquisition start time:  18:07:06
Starting channel number:   0
Number of channels:   2048


CALIBRATION INFORMATION

ENERGY CALIBRATION
Units:
Energy Fit:  0.000000E+000  1.000000E+000  0.000000E+000
FWHM Fit:  1.000000E+000  0.000000E+000  0.000000E+000
Efficiency Terms:  0.000000  0.000000  0.000000  0.000000  0.000000
  0.000000  0.000000  0.000000  0.000000  0.000000


SPECTRUM
     0:          0          0          0          0          0
     5:          0          0          0          0        139
    10:       2635       2658        635         52         48
    15:         34         38         43         38         44
    20:         36         41         57         34         48
    25:         55         42         50         57         56
    30:         62         54         87         61         74
    35:         69         64         79         85         93
    40:         84         96         94         73        103
    45:         91        105        110        124        121
    50:        128        106        132        111        126
    55:        112        123         95         97         83
    60:         87         85         74         73         73
    65:         81         85         74         84         83
    70:         89         84         84         90        113
    75:        107         92         89        114         98
    80:         91         99        108        105         94
    85:        109        109        116        120        114
    90:        111        114        121        127        116
    95:        144        138        119        159        123
   100:        172        148        149        133        187
   105:        174        162        151        173        172
   110:        171        161        163        184        165
   115:        154        173        141        175        185
   120:        182        190        177        161        183
   125:        203        171        170        185        191
   130:        192        183        166        186        186
   135:        201        193        183        194        168
   140:        172        184        164        164        184
   145:        190        167        178        178        166
   150:        176        183        168        180        175
   155:        159        175        178        156        178
   160:        183        202        210        187        157
   165:        213        159        171        161        174
   170:        195        172        180        166        167
   175:        165        161        203        183        181
   180:        192        171        172        170        190
   185:        162        164        158        145        165
   190:        169        140        137        201        151
   195:        166        151        178        165        150
   200:        162        147        165        156        165
   205:        167        162        144        152        169
   210:        151        123        141        150        131
   215:        134        131        139        136        146
   220:        148        150        134        149        144
   225:        145        153        139        158        154
   230:        142        121        123        141        148
   235:        134        147        132        156        120
   240:        153        131        122        127        123
   245:        120        144        134        132        144
   250:        153        127        144        144        122
   255:        122        131        138        140        140
   260:        159        131        119        133        127
   265:        137        145        136        124        139
   270:        150        127        150        145        124
   275:        112        128        135        118        123
   280:        118        146        140        108        125
   285:        129        134        152        131        115
   290:        130        116        136        125        123
   295:        129        140        120        115        115
   300:        122        121        111        111        103
   305:        108        113        113        110        102
   310:        103         98        103        111        102
   315:        100        101        106        104        102
   320:        106         96        105         99         98
   325:        115        106         87        113         99
   330:        102        119         96        105         99
   335:         95         97        115        106        101
   340:         85         87        102         90         85
   345:         95        102        103         87         75
   350:         88        103         86         91         76
   355:         96         89         83        109         75
   360:         82         78         81         93         70
   365:         95         76         84         87         65
   370:         83         79         77         81         79
   375:         78         75         65         76         72
   380:         79         67         59         80         65
   385:         73         76         69         68         67
   390:         57         78         71         65         60
   395:         74         81         76         74         69
   400:         51         66         71         75         65
   405:         64         61         67         61         65
   410:         57         70         71         54         52
   415:         62         63         73         58         52
   420:         63         62         65         56         57
   425:         54         47         47         51         50
   430:         65         63         59         60         74
   435:         55         58         57         64         47
   440:         43         46         71         45         62
   445:         49         41         58         50         55
   450:         60         52         54         57         69
   455:         40         51         54         51         67
   460:         38         48         55         35         41
   465:         60         56         46         52         56
   470:         50         51         64         48         41
   475:         47         37         46         44         50
   480:         50         51         43         36         48
   485:         50         45         49         39         50
   490:         49         47         55         51         51
   495:         49         58         50         41         42
   500:         46         39         49         42         47
   505:         37         36         48         41         48
   510:         38         32         46         32         39
   515:         44         43         54         40         38
   520:         39         38         41         42         37
   525:         42         41         49         28         42
   530:         32         34         27         41         33
   535:         41         34         41         33         34
   540:         35         29         34         35         36
   545:         32         39         35         38         31
   550:         30         23         34         44         37
   555:         37         27         39         42         22
   560:         32         35         41         33         35
   565:         24         38         41         32         26
   570:         27         38         38         36         35
   575:         38         32         25         34         41
   580:         36         35         34         32         45
   585:         37         32         28         28         31
   590:         25         30         33         35         35
   595:         31         28         37         32         19
   600:         27         29         35         39         42
   605:         33         33         31         19         31
   610:         26         28         34         30         17
   615:         29         35         24         29         32
   620:         20         27         29         16         40
   625:         29         17         29         28         38
   630:         23         20         27         22         24
   635:         26         22         29         27         26
   640:         29         32         24         14         32
   645:         20         28         19         20         21
   650:         28         24         26         24         32
   655:         20         23         26         15         29
   660:         29         17         19         17         15
   665:         27         21         13         16         15
   670:         17         17         17         23         16
   675:         15         20         12         22         16
   680:         17         18         19         12         19
   685:         20         16         20         23         13
   690:         21         13         22         27         10
   695:          9         13         18          7         18
   700:         15          9          8         11         12
   705:         15         14         17         16         17
   710:         18         20         11         13          8
   715:         18         20         17         13         11
   720:         10         13         11         16         12
   725:         16         10         10         13         11
   730:         17         23         13          9         10
   735:         11          4         14         11         10
   740:         16         10          3         16         16
   745:         13         11          9         18         10
   750:         12          7         10          7         13
   755:         13          8         11         14         12
   760:          9         12          7          9         20
   765:         13         11          9          2          8
   770:         12          9          7          9         16
   775:         10          9          9          4         11
   780:         10          9          7         12          8
   785:          9         10         10         10         10
   790:          7         11         14          7          9
   795:         11          4          6          9          8
   800:         10         14          9          9          8
   805:         11         10          3          7          8
   810:         10         13          7         11         14
   815:         12          7          8         12         10
   820:         10         21         17         10         10
   825:         13          8         17          5         13
   830:         10         15         11         11         17
   835:         22         10          9          9         10
   840:         14         13         18         10          8
   845:          9         12          9         13          8
   850:         11         10         13         17         15
   855:         24         15         16         24         26
   860:         15         14         28         16         26
   865:         22         21         24         17         32
   870:         22         19         25         38         30
   875:         23         33         29         35         43
   880:         32         37         39         40         43
   885:         50         52         40         48         46
   890:         55         54         55         68         77
   895:         66         80         51         70         52
   900:         77         76         84         96         83
   905:         64         97         98         82         84
   910:         88         96        117        121        105
   915:         97        117        132        104        121
   920:        123        115        118        116        120
   925:        122        117        110        124        107
   930:        120        103        113        120        123
   935:        110        119         91        114         98
   940:         87        104         94        105        113
   945:         88         94         95         79         82
   950:         80         75         75         72         70
   955:         65         62         71         66         69
   960:         56         57         38         48         44
   965:         46         37         37         36         41
   970:         21         32         35         28         20
   975:         32         25         23         18         17
   980:         19         16         16         19         14
   985:         11         17          9         12         13
   990:         11         13         11          8         11
   995:          4          9          9          5          7
  1000:          4          6          9          7          4
  1005:          6          3         10          1          2
  1010:          6          6          6          7          5
  1015:          6          6          3          2          6
  1020:          7          2          2          2          6
  1025:          2          2          5          1          1
  1030:          4          1          4          8          5
  1035:          5          2          6          3          5
  1040:          7          2          5          5          4
  1045:          3          6          5          5          7
  1050:          4          3          6          2          1
  1055:          3          3          7          4          4
  1060:          6          6          1          5          4
  1065:          4          5          3          3          3
  1070:          0          3          2          6          6
  1075:          1          7          3         12          4
  1080:          3          4          3          4          6
  1085:          2          5          7          3          2
  1090:          0          1          5          4          2
  1095:          3          4          2          3          3
  1100:          2          5          2          7          6
  1105:          5          6          5          4          4
  1110:          4          2          5          6          3
  1115:          1          6          5          5          3
  1120:          4          2          2          4          4
  1125:          3          3          6          3          3
  1130:          5          2          4          2          4
  1135:          5          4          0          2          5
  1140:          5          1          3          1          5
  1145:          3          3          5          4          2
  1150:          3          2          4          3          2
  1155:          2          5          2          5          3
  1160:          5          7          3          4          7
  1165:          3          3          3          4          5
  1170:          2          5          1          3          4
  1175:          4          6          3          2          0
  1180:          3          3          1          4          0
  1185:          3          1          3          5          7
  1190:          4          6          3          0          2
  1195:          3          1          6          2          2
  1200:          5          3          4          3          1
  1205:          4          2          3          3          4
  1210:          1          4          4          5          2
  1215:          2          2          7          4          3
  1220:          1          3          1          5          3
  1225:          1          6          2          2          3
  1230:          3          4          2          4          4
  1235:          6          3          2          6          3
  1240:          3          4          3          4          3
  1245:          3          3          0          4          6
  1250:          5          2          6          6          6
  1255:          5          1          4          7          1
  1260:          2          2          2          3          0
  1265:          4          3          5          2          1
  1270:          1          3          2          5          2
  1275:          5          2          2          6          2
  1280:          4          3          3          2          1
  1285:          2          2          3          4          4
  1290:          2          4          0          3          2
  1295:          5          3          5          2          2
  1300:          3          4          0          4          5
  1305:          4          4          3          5          5
  1310:          3          5          4          3          1
  1315:          1          2          2          6          4
  1320:          3          4          5          5          3
  1325:          2          4          1          2          5
  1330:          2          5          3          3          3
  1335:          3          5          3          2          2
  1340:          3          2          2          3          0
  1345:          1          1          1          4          0
  1350:          3          4          2          2          2
  1355:          4          3          3          1          0
  1360:          3          3          2          1          0
  1365:          3          3          1          0          2
  1370:          1          5          5          3          5
  1375:          3          3          4          3          2
  1380:          2          1          2          2          5
  1385:          4          3          7          4          2
  1390:          3          1          3          7          2
  1395:          1          4          1          1          1
  1400:          1          4          2          1          2
  1405:          0          3          1          1          3
  1410:          0          2          4          1          2
  1415:          1          3          0          1          2
  1420:          1          1          1          1          4
  1425:          0          2          3          1          2
  1430:          6          0          1          3          2
  1435:          2          1          2          2          3
  1440:          3          1          2          4          1
  1445:          3          2          2          2          1
  1450:          2          1          3          4          1
  1455:          3          3          1          1          3
  1460:          2          2          3          0          2
  1465:          1          4          3          2          4
  1470:          0          2          3          4          1
  1475:          1          7          2          3          4
  1480:          0          1          3          2          2
  1485:          5          4          2          4          2
  1490:          0          0          0          2          2
  1495:          2          4          4          1          2
  1500:          5          2          2          1          3
  1505:          3          1          2          2          2
  1510:          3          1          3          2          5
  1515:          2          5          2          1          0
  1520:          3          2          1          1          1
  1525:          1          3          5          2          3
  1530:          0          4          3          4          3
  1535:          2          2          3          1          2
  1540:          1          2          4          1          2
  1545:          3          2          3          1          4
  1550:          2          1          2          3          3
  1555:          2          2          5          3          1
  1560:          1          3          1          3          2
  1565:          0          1          1          0          1
  1570:          4          2          1          3          1
  1575:          0          2          3          3          5
  1580:          2          1          1          4          0
  1585:          2          4          2          3          4
  1590:          1          0          0          0          4
  1595:          3          1          3          1          5
  1600:          3          1          2          2          0
  1605:          1          1          2          5          0
  1610:          1          1          1          0          2
  1615:          1          1          2          0          1
  1620:          1          3          2          4          0
  1625:          0          2          3          2          2
  1630:          3          1          2          0          3
  1635:          1          3          3          2          3
  1640:          1          0          0          2          2
  1645:          1          3          0          3          4
  1650:          4          4          2          4          1
  1655:          1          1          1          1          3
  1660:          2          3          0          2          1
  1665:          1          3          3          4          0
  1670:          3          3          1          2          1
  1675:          1          0          1          2          0
  1680:          0          0          0          2          2
  1685:          3          2          2          3          4
  1690:          0          0          1          2          1
  1695:          0          1          1          3          1
  1700:          1          2          0          3          2
  1705:          1          2          2          0          0
  1710:          0          1          1          0          5
  1715:          0          3          2          4          1
  1720:          2          1          2          0          1
  1725:          0          2          0          3          1
  1730:          2          2          1          0          1
  1735:          0          2          2          2          1
  1740:          1          0          0          1          2
  1745:          3          1          0          1          1
  1750:          1          1          1          3          0
  1755:          2          1          1          0          1
  1760:          2          1          0          1          4
  1765:          2          1          1          1          1
  1770:          1          0          0          0          3
  1775:          1          1          0          0          2
  1780:          2          0          0          0          2
  1785:          0          3          2          2          1
  1790:          0          1          0          1          0
  1795:          1          0          1          1          3
  1800:          1          1          0          3          0
  1805:          0          2          1          0          0
  1810:          1          3          0          1          3
  1815:          1          1          1          4          2
  1820:          2          0          3          1          1
  1825:          0          0          1          3          3
  1830:          2          0          1          1          0
  1835:          0          1          0          0          0
  1840:          0          1          1          0          0
  1845:          0          0          3          2          0
  1850:          2          1          0          2          1
  1855:          0          1          1          1          2
  1860:          0          2          0          2          1
  1865:          0          1          2          1          2
  1870:          0          1          1          1          3
  1875:          1          1          3          1          1
  1880:          1          2          1          0          0
  1885:          0          0          2          0          2
  1890:          2          3          1          0          2
  1895:          0          1          1          4          0
  1900:          4          2          3          0          1
  1905:          0          0          1          2          0
  1910:          4          0          1          1          1
  1915:          0          0          1          4          0
  1920:          1          1          2          2          0
  1925:          0          1          3          0          4
  1930:          1          2          2          3          0
  1935:          0          0          2          1          5
  1940:          4          5          1          3          2
  1945:          1          3          4          3          2
  1950:          5          5          2          3          4
  1955:          2          5          4          2          4
  1960:          4          4          5          3          2
  1965:          4          8          6          4          5
  1970:          6          8          2          3          7
  1975:          6          4          1          3          2
  1980:          2          5          0          5          3
  1985:          3          7          4          9          6
  1990:          4          9          3          0          5
  1995:          5          1          4          2          6
  2000:          1          4          4          6          5
  2005:          2          0          3          2          3
  2010:          3          5          1          7          4
  2015:          7          0          0          0          0
  2020:          0          0          0          0          0
  2025:          0          0          0          0          0
  2030:          0          0          0          0          0
  2035:          0          0          0          0          0
  2040:          0          0          0          0          0
  2045:          0          0          0
