       0
       0
       0
       0
       0
       0
       0
       0
       0
     396
    3566
    2966
     866
      78
      64
      47
      46
      69
      46
      56
      54
      73
      55
      66
      75
      77
      61
      60
      75
      72
      76
      75
      71
      74
      73
     118
      95
     116
     119
     130
     127
     134
     121
     146
     137
     160
     151
     153
     190
     200
     185
     200
     202
     217
     190
     177
     161
     150
     150
     138
      99
     115
     106
      89
      97
      98
      88
     101
      89
     104
     102
      91
     127
     106
     103
     126
     121
     125
     112
     115
     129
     119
     120
     136
     131
     141
     122
     133
     119
     138
     152
     135
     136
     165
     151
     163
     135
     179
     164
     144
     175
     156
     183
     172
     166
     178
     187
     177
     206
     216
     171
     195
     176
     201
     218
     200
     220
     212
     191
     211
     203
     213
     205
     197
     221
     206
     209
     192
     221
     185
     198
     186
     180
     207
     231
     201
     219
     202
     199
     203
     213
     231
     201
     180
     198
     189
     213
     205
     195
     190
     209
     206
     195
     200
     185
     178
     204
     229
     202
     223
     189
     177
     199
     194
     197
     198
     197
     193
     197
     180
     202
     192
     193
     231
     192
     214
     176
     218
     185
     212
     215
     190
     215
     219
     231
     204
     175
     198
     192
     195
     176
     204
     169
     183
     194
     196
     203
     197
     207
     173
     214
     178
     191
     189
     198
     204
     180
     214
     188
     200
     177
     162
     175
     201
     187
     192
     189
     186
     200
     190
     160
     156
     160
     155
     193
     162
     187
     175
     169
     186
     169
     195
     180
     169
     175
     178
     181
     171
     170
     154
     155
     154
     190
     171
     161
     148
     162
     184
     147
     153
     180
     144
     151
     150
     174
     162
     162
     162
     158
     163
     160
     192
     163
     185
     194
     151
     162
     174
     181
     180
     176
     160
     171
     153
     168
     169
     181
     190
     191
     146
     188
     193
     189
     163
     163
     170
     186
     161
     159
     164
     191
     169
     163
     166
     185
     143
     167
     171
     150
     165
     142
     160
     154
     158
     193
     194
     155
     178
     152
     148
     157
     160
     132
     145
     159
     147
     144
     149
     162
     143
     128
     149
     159
     153
     135
     172
     131
     136
     148
     124
     143
     134
     155
     143
     146
     134
     136
     126
     132
     161
     148
     138
     121
     113
     151
     132
     148
     141
     138
     136
     101
     132
     104
     127
     132
     115
     120
     115
     105
     108
     130
     121
     126
     116
     110
     113
     113
      91
     106
     126
      98
     102
     105
     103
     116
     130
     101
     121
     113
     109
      91
     109
      88
     109
      90
     116
     120
      99
     115
     101
     108
      85
     111
      96
      84
      80
      95
     100
     110
      81
     106
     104
      85
     109
      77
      86
      96
      87
      86
      68
     101
      99
      96
      88
     122
      87
      98
      56
      82
      90
      81
      86
      87
      85
      93
      93
      85
      76
      86
      75
      89
      64
      76
      79
      70
      73
      85
      69
      72
      76
      68
      92
      74
      77
      70
      78
      95
      59
      69
      79
      73
      77
      71
      81
      64
      67
      58
      70
      74
      65
      68
      73
      71
      74
      63
      55
      58
      56
      53
      63
      66
      74
      68
      62
      66
      59
      51
      58
      69
      80
      68
      58
      71
      73
      66
      61
      54
      69
      61
      47
      61
      65
      60
      56
      61
      76
      66
      67
      66
      60
      48
      59
      57
      63
      49
      51
      64
      52
      50
      61
      66
      51
      53
      54
      59
      73
      62
      44
      65
      61
      56
      59
      57
      58
      56
      51
      50
      52
      68
      45
      57
      50
      47
      56
      61
      45
      56
      49
      44
      45
      43
      45
      61
      44
      42
      49
      47
      59
      46
      49
      51
      45
      48
      55
      53
      57
      49
      49
      44
      52
      46
      50
      51
      46
      43
      37
      46
      43
      53
      54
      50
      57
      55
      44
      46
      51
      43
      44
      44
      40
      46
      45
      34
      48
      47
      46
      42
      63
      46
      57
      51
      48
      52
      51
      52
      52
      37
      42
      45
      41
      36
      38
      38
      46
      47
      58
      47
      57
      61
      50
      44
      52
      49
      47
      42
      45
      32
      55
      47
      44
      36
      65
      47
      42
      37
      44
      56
      57
      44
      42
      47
      37
      36
      52
      41
      41
      40
      44
      36
      50
      43
      47
      31
      38
      46
      36
      34
      30
      45
      36
      29
      27
      51
      43
      29
      37
      43
      40
      35
      30
      30
      30
      39
      38
      34
      35
      45
      20
      37
      33
      26
      35
      27
      30
      23
      34
      26
      31
      25
      33
      25
      23
      30
      30
      36
      23
      20
      29
      24
      27
      25
      24
      33
      19
      19
      17
      25
      22
      17
      30
      20
      18
      20
      16
      17
      19
      23
      23
      31
      18
      25
      18
      28
      21
      19
      23
      29
      18
      14
      12
      20
      24
      19
      18
      21
      20
      21
      15
      16
      16
      19
      14
      22
       7
      18
      18
      11
      15
      18
      11
      19
      12
      16
      14
      20
      11
      19
      20
      11
      15
      23
      11
      11
      12
      13
       9
      14
      18
       6
       7
       9
      13
      16
      12
       5
      13
      18
      14
      12
      20
      16
      14
      13
      15
       8
      11
      14
      16
      15
      16
      10
      10
      13
      15
      11
      11
      12
      11
      19
      14
      12
      19
      12
       9
      17
      14
      12
      16
      12
      15
      13
      16
      16
      16
      11
      16
      15
      14
      16
      11
      11
       8
      13
      18
      11
      13
      14
      16
      17
      15
      16
      13
      12
      17
      14
      17
       9
      16
      14
      11
      15
       7
      16
      21
      13
      14
      15
      10
      20
      13
      21
      16
      25
       9
      21
      18
      15
      17
      15
      14
      10
      16
      12
      21
      18
      20
      14
      17
      16
      22
      25
      29
      31
      23
      19
      24
      25
      18
      32
      31
      23
      35
      34
      28
      37
      43
      55
      40
      32
      48
      48
      42
      47
      46
      68
      66
      62
      54
      69
      56
      71
      65
      82
      74
      78
      74
      96
      98
      80
     112
     115
     129
     114
     131
     126
     131
     121
     121
     128
     159
     147
     133
     153
     156
     166
     191
     175
     161
     161
     146
     201
     200
     174
     198
     181
     176
     196
     202
     200
     200
     203
     190
     200
     219
     205
     227
     195
     208
     213
     197
     229
     195
     189
     198
     191
     190
     169
     189
     162
     197
     173
     174
     164
     164
     191
     157
     156
     142
     146
     138
     137
     129
     118
     119
     129
     110
     110
     101
     100
      77
     105
      94
      90
      76
      60
      68
      74
      70
      56
      49
      49
      54
      40
      33
      43
      33
      31
      42
      35
      31
      21
      28
      31
      29
      13
      19
      15
      19
      12
      11
       5
      16
      10
      11
      11
       9
       8
       7
       8
      11
      10
       7
       5
       9
       5
       9
       4
       5
       7
       6
       2
       5
       4
       6
       5
       8
       6
       3
       3
       5
       3
       2
       8
       7
       3
       4
       1
       4
       2
       4
       7
       2
       6
       2
       1
       3
       6
       3
       4
       6
       1
       1
       3
       3
       2
       3
       4
       6
       5
       7
       3
       3
       1
       6
       4
       4
       4
       6
       6
       7
       7
       4
       1
       1
       9
       6
       9
       5
       5
       0
       5
       3
       4
       3
       2
       3
       4
       8
       5
       4
       4
       3
       3
       3
       4
       3
       1
       4
       5
       3
       5
       2
       3
       2
       7
       5
       4
       1
       4
       4
       2
       3
       7
       2
       8
       2
       2
      11
       4
       3
       1
       0
       3
       2
      10
       3
       1
       2
       3
       3
       2
       4
       1
       3
       0
       1
       2
       2
       4
       2
       3
       3
       4
       3
       6
       3
       2
       3
       4
       8
       4
       1
       3
       7
       3
       3
       2
       2
       4
       6
       3
       1
       3
       4
       3
       6
       2
       4
       5
       6
       2
       3
       3
       2
       3
       2
       2
       2
       2
       4
       1
       1
       1
       5
       3
       2
       2
       5
       7
       8
       1
       2
       6
       2
       4
       5
       4
       3
       0
       6
       7
       2
       1
       1
       2
       3
       2
       2
       4
       4
       1
       5
       8
       2
       3
       0
       1
       3
       2
       1
       1
       4
       2
       3
       1
       3
       2
       1
       1
       1
       1
       4
       3
       5
       2
       5
       4
       1
       3
       1
       1
       7
       1
       5
       3
       0
       3
       4
       2
       3
       3
       9
       2
       2
       3
       6
       3
       2
       6
       4
       7
       3
       3
       6
       6
       3
       2
       7
       2
       5
       0
       2
       3
       0
       4
       4
       7
       2
       3
       5
       9
       2
       3
       6
       0
       7
       1
       7
       3
       4
       3
       2
       2
       5
       3
       3
       3
       1
       2
       5
       2
       6
       3
       1
       1
       3
       4
       4
       4
       4
       4
       2
       3
       3
       2
       2
       1
       1
       3
       4
       3
       5
       3
       1
       3
       2
       5
       2
       5
       4
       1
       2
       6
       2
       3
       2
       4
       2
       0
       2
       2
       2
       1
       4
       7
       2
       3
       5
       3
       5
       2
       3
       6
       4
       3
       1
       4
       2
       2
       4
       4
       4
       5
       1
       2
       5
       5
       1
       1
       6
       2
      10
       4
       4
       3
       2
       4
       3
       2
       0
       0
       6
       0
       1
       4
       1
       5
       4
       5
       5
       3
       4
       3
       1
       4
       5
       0
       0
       0
       4
       1
       2
       2
       2
       4
       4
       2
       2
       2
       3
       5
       4
       1
       1
       1
       3
       3
       2
       2
       0
       3
       2
       2
       3
       3
       3
       5
       3
       4
       2
       6
       3
       3
       3
       2
       2
       1
       1
       0
       6
       4
       4
       1
       2
       7
       0
       3
       1
       4
       2
       6
       2
       3
       2
       1
       0
       3
       1
       2
       1
       1
       2
       2
       0
       3
       4
       2
       3
       2
       2
       2
       1
       3
       2
       3
       3
       1
       2
       1
       2
       4
       0
       1
       3
       3
       2
       3
       1
       0
       4
       1
       1
       3
       0
       1
       2
       2
       1
       0
       1
       3
       0
       1
       1
       1
       4
       4
       4
       3
       1
       1
       0
       3
       0
       1
       3
       1
       2
       5
       0
       1
       3
       0
       5
       3
       2
       1
       3
       4
       2
       5
       3
       0
       4
       1
       1
       1
       4
       1
       2
       3
       3
       3
       5
       2
       2
       4
       3
       1
       5
       1
       2
       5
       1
       2
       3
       4
       3
       6
       0
       3
       8
       4
       2
       4
       3
       4
       5
       1
       6
       4
       1
       4
       2
       3
       5
       0
       0
       3
       2
       2
       1
       3
       1
       1
       3
       3
       3
       1
       0
       2
       1
       2
       3
       2
       0
       2
       0
       1
       2
       1
       3
       1
       3
       5
       0
       1
       2
       1
       4
       1
       1
       2
       3
       1
       2
       5
       1
       1
       0
       1
       2
       2
       3
       2
       3
       2
       3
       2
       2
       4
       3
       3
       1
       1
       1
       1
       3
       2
       4
       1
       1
       1
       3
       1
       2
       1
       2
       4
       0
       2
       3
       1
       1
       0
       3
       0
       1
       8
       3
       4
       0
       1
       1
       0
       4
       3
       0
       3
       4
       1
       3
       1
       4
       1
       3
       2
       4
       1
       2
       5
       3
       2
       2
       1
       0
       3
       1
       4
       2
       5
       0
       1
       3
       1
       1
       0
       1
       2
       1
       0
       0
       0
       1
       1
       0
       3
       1
       0
       2
       2
       1
       5
       3
       2
       6
       2
       0
       0
       3
       0
       1
       3
       4
       1
       1
       1
       1
       0
       0
       0
       2
       0
       1
       3
       0
       3
       0
       1
       1
       3
       5
       1
       1
       2
       4
       1
       1
       2
       2
       4
       1
       1
       1
       2
       0
       1
       0
       0
       2
       0
       1
       1
       2
       1
       0
       1
       3
       2
       1
       1
       1
       0
       0
       1
       2
       2
       0
       3
       4
       1
       0
       2
       2
       1
       2
       1
       2
       0
       2
       3
       2
       2
       0
       1
       2
       2
       1
       2
       0
       0
       0
       3
       0
       1
       0
       0
       2
       2
       2
       1
       1
       1
       1
       1
       0
       2
       1
       1
       2
       1
       1
       2
       0
       1
       1
       1
       1
       0
       2
       1
       2
       1
       0
       1
       1
       0
       2
       2
       0
       1
       2
       1
       1
       0
       0
       1
       1
       0
       0
       1
       2
       1
       3
       1
       2
       0
       1
       1
       2
       0
       0
       1
       2
       2
       0
       1
       1
       0
       3
       0
       1
       1
       1
       2
       0
       2
       0
       0
       1
       0
       0
       0
       2
       1
       0
       2
       1
       3
       0
       1
       0
       3
       0
       1
       0
       0
       2
       1
       4
       0
       1
       2
       3
       1
       1
       1
       0
       0
       0
       2
       1
       0
       2
       1
       1
       0
       2
       0
       0
       1
       0
       1
       2
       2
       3
       1
       1
       0
       5
       2
       3
       0
       2
       2
       1
       2
       1
       0
       3
       1
       2
       1
       0
       3
       0
       0
       1
       0
       2
       2
       6
       3
       2
       2
       3
       0
       2
       3
       4
       7
       1
       3
       3
       5
       4
       2
       3
       2
       5
       5
       3
       1
       4
       3
       5
       2
       8
       5
       7
       2
       4
       1
       3
       4
       3
       4
       2
       1
       6
       4
       3
       2
       1
       1
       4
       4
       4
       4
       6
       3
       6
       3
       2
       8
       4
       2
       3
       2
       2
       5
       4
       4
       4
       3
       2
       0
       0
       0
       0
       0
       0
       0
       0
       0
       0
       0
       0
       0
       0
       0
       0
       0
       0
       0
       0
       0
       0
       0
       0
       0
       0
       0
       0
       0
       0
       0
       0
