ACQUISITION INFORMATION

Detector ID:  1
Detector description:
LAB4D1 Easy-MCA-2k SN 18162513
Sample description:

Real Time:  299.999993
Live Time:  298.259993
Acquisition start date:  06Nov2019
Acquisition start time:  09:28:08
Starting channel number:   0
Number of channels:   2048


CALIBRATION INFORMATION

ENERGY CALIBRATION
Units:
Energy Fit:  0.000000E+000  1.000000E+000  0.000000E+000
FWHM Fit:  1.000000E+000  0.000000E+000  0.000000E+000
Efficiency Terms:  0.000000  0.000000  0.000000  0.000000  0.000000
  0.000000  0.000000  0.000000  0.000000  0.000000


SPECTRUM
     0:          0          0          0          0          0
     5:          0          0          0          0        396
    10:       3566       2966        866         78         64
    15:         47         46         69         46         56
    20:         54         73         55         66         75
    25:         77         61         60         75         72
    30:         76         75         71         74         73
    35:        118         95        116        119        130
    40:        127        134        121        146        137
    45:        160        151        153        190        200
    50:        185        200        202        217        190
    55:        177        161        150        150        138
    60:         99        115        106         89         97
    65:         98         88        101         89        104
    70:        102         91        127        106        103
    75:        126        121        125        112        115
    80:        129        119        120        136        131
    85:        141        122        133        119        138
    90:        152        135        136        165        151
    95:        163        135        179        164        144
   100:        175        156        183        172        166
   105:        178        187        177        206        216
   110:        171        195        176        201        218
   115:        200        220        212        191        211
   120:        203        213        205        197        221
   125:        206        209        192        221        185
   130:        198        186        180        207        231
   135:        201        219        202        199        203
   140:        213        231        201        180        198
   145:        189        213        205        195        190
   150:        209        206        195        200        185
   155:        178        204        229        202        223
   160:        189        177        199        194        197
   165:        198        197        193        197        180
   170:        202        192        193        231        192
   175:        214        176        218        185        212
   180:        215        190        215        219        231
   185:        204        175        198        192        195
   190:        176        204        169        183        194
   195:        196        203        197        207        173
   200:        214        178        191        189        198
   205:        204        180        214        188        200
   210:        177        162        175        201        187
   215:        192        189        186        200        190
   220:        160        156        160        155        193
   225:        162        187        175        169        186
   230:        169        195        180        169        175
   235:        178        181        171        170        154
   240:        155        154        190        171        161
   245:        148        162        184        147        153
   250:        180        144        151        150        174
   255:        162        162        162        158        163
   260:        160        192        163        185        194
   265:        151        162        174        181        180
   270:        176        160        171        153        168
   275:        169        181        190        191        146
   280:        188        193        189        163        163
   285:        170        186        161        159        164
   290:        191        169        163        166        185
   295:        143        167        171        150        165
   300:        142        160        154        158        193
   305:        194        155        178        152        148
   310:        157        160        132        145        159
   315:        147        144        149        162        143
   320:        128        149        159        153        135
   325:        172        131        136        148        124
   330:        143        134        155        143        146
   335:        134        136        126        132        161
   340:        148        138        121        113        151
   345:        132        148        141        138        136
   350:        101        132        104        127        132
   355:        115        120        115        105        108
   360:        130        121        126        116        110
   365:        113        113         91        106        126
   370:         98        102        105        103        116
   375:        130        101        121        113        109
   380:         91        109         88        109         90
   385:        116        120         99        115        101
   390:        108         85        111         96         84
   395:         80         95        100        110         81
   400:        106        104         85        109         77
   405:         86         96         87         86         68
   410:        101         99         96         88        122
   415:         87         98         56         82         90
   420:         81         86         87         85         93
   425:         93         85         76         86         75
   430:         89         64         76         79         70
   435:         73         85         69         72         76
   440:         68         92         74         77         70
   445:         78         95         59         69         79
   450:         73         77         71         81         64
   455:         67         58         70         74         65
   460:         68         73         71         74         63
   465:         55         58         56         53         63
   470:         66         74         68         62         66
   475:         59         51         58         69         80
   480:         68         58         71         73         66
   485:         61         54         69         61         47
   490:         61         65         60         56         61
   495:         76         66         67         66         60
   500:         48         59         57         63         49
   505:         51         64         52         50         61
   510:         66         51         53         54         59
   515:         73         62         44         65         61
   520:         56         59         57         58         56
   525:         51         50         52         68         45
   530:         57         50         47         56         61
   535:         45         56         49         44         45
   540:         43         45         61         44         42
   545:         49         47         59         46         49
   550:         51         45         48         55         53
   555:         57         49         49         44         52
   560:         46         50         51         46         43
   565:         37         46         43         53         54
   570:         50         57         55         44         46
   575:         51         43         44         44         40
   580:         46         45         34         48         47
   585:         46         42         63         46         57
   590:         51         48         52         51         52
   595:         52         37         42         45         41
   600:         36         38         38         46         47
   605:         58         47         57         61         50
   610:         44         52         49         47         42
   615:         45         32         55         47         44
   620:         36         65         47         42         37
   625:         44         56         57         44         42
   630:         47         37         36         52         41
   635:         41         40         44         36         50
   640:         43         47         31         38         46
   645:         36         34         30         45         36
   650:         29         27         51         43         29
   655:         37         43         40         35         30
   660:         30         30         39         38         34
   665:         35         45         20         37         33
   670:         26         35         27         30         23
   675:         34         26         31         25         33
   680:         25         23         30         30         36
   685:         23         20         29         24         27
   690:         25         24         33         19         19
   695:         17         25         22         17         30
   700:         20         18         20         16         17
   705:         19         23         23         31         18
   710:         25         18         28         21         19
   715:         23         29         18         14         12
   720:         20         24         19         18         21
   725:         20         21         15         16         16
   730:         19         14         22          7         18
   735:         18         11         15         18         11
   740:         19         12         16         14         20
   745:         11         19         20         11         15
   750:         23         11         11         12         13
   755:          9         14         18          6          7
   760:          9         13         16         12          5
   765:         13         18         14         12         20
   770:         16         14         13         15          8
   775:         11         14         16         15         16
   780:         10         10         13         15         11
   785:         11         12         11         19         14
   790:         12         19         12          9         17
   795:         14         12         16         12         15
   800:         13         16         16         16         11
   805:         16         15         14         16         11
   810:         11          8         13         18         11
   815:         13         14         16         17         15
   820:         16         13         12         17         14
   825:         17          9         16         14         11
   830:         15          7         16         21         13
   835:         14         15         10         20         13
   840:         21         16         25          9         21
   845:         18         15         17         15         14
   850:         10         16         12         21         18
   855:         20         14         17         16         22
   860:         25         29         31         23         19
   865:         24         25         18         32         31
   870:         23         35         34         28         37
   875:         43         55         40         32         48
   880:         48         42         47         46         68
   885:         66         62         54         69         56
   890:         71         65         82         74         78
   895:         74         96         98         80        112
   900:        115        129        114        131        126
   905:        131        121        121        128        159
   910:        147        133        153        156        166
   915:        191        175        161        161        146
   920:        201        200        174        198        181
   925:        176        196        202        200        200
   930:        203        190        200        219        205
   935:        227        195        208        213        197
   940:        229        195        189        198        191
   945:        190        169        189        162        197
   950:        173        174        164        164        191
   955:        157        156        142        146        138
   960:        137        129        118        119        129
   965:        110        110        101        100         77
   970:        105         94         90         76         60
   975:         68         74         70         56         49
   980:         49         54         40         33         43
   985:         33         31         42         35         31
   990:         21         28         31         29         13
   995:         19         15         19         12         11
  1000:          5         16         10         11         11
  1005:          9          8          7          8         11
  1010:         10          7          5          9          5
  1015:          9          4          5          7          6
  1020:          2          5          4          6          5
  1025:          8          6          3          3          5
  1030:          3          2          8          7          3
  1035:          4          1          4          2          4
  1040:          7          2          6          2          1
  1045:          3          6          3          4          6
  1050:          1          1          3          3          2
  1055:          3          4          6          5          7
  1060:          3          3          1          6          4
  1065:          4          4          6          6          7
  1070:          7          4          1          1          9
  1075:          6          9          5          5          0
  1080:          5          3          4          3          2
  1085:          3          4          8          5          4
  1090:          4          3          3          3          4
  1095:          3          1          4          5          3
  1100:          5          2          3          2          7
  1105:          5          4          1          4          4
  1110:          2          3          7          2          8
  1115:          2          2         11          4          3
  1120:          1          0          3          2         10
  1125:          3          1          2          3          3
  1130:          2          4          1          3          0
  1135:          1          2          2          4          2
  1140:          3          3          4          3          6
  1145:          3          2          3          4          8
  1150:          4          1          3          7          3
  1155:          3          2          2          4          6
  1160:          3          1          3          4          3
  1165:          6          2          4          5          6
  1170:          2          3          3          2          3
  1175:          2          2          2          2          4
  1180:          1          1          1          5          3
  1185:          2          2          5          7          8
  1190:          1          2          6          2          4
  1195:          5          4          3          0          6
  1200:          7          2          1          1          2
  1205:          3          2          2          4          4
  1210:          1          5          8          2          3
  1215:          0          1          3          2          1
  1220:          1          4          2          3          1
  1225:          3          2          1          1          1
  1230:          1          4          3          5          2
  1235:          5          4          1          3          1
  1240:          1          7          1          5          3
  1245:          0          3          4          2          3
  1250:          3          9          2          2          3
  1255:          6          3          2          6          4
  1260:          7          3          3          6          6
  1265:          3          2          7          2          5
  1270:          0          2          3          0          4
  1275:          4          7          2          3          5
  1280:          9          2          3          6          0
  1285:          7          1          7          3          4
  1290:          3          2          2          5          3
  1295:          3          3          1          2          5
  1300:          2          6          3          1          1
  1305:          3          4          4          4          4
  1310:          4          2          3          3          2
  1315:          2          1          1          3          4
  1320:          3          5          3          1          3
  1325:          2          5          2          5          4
  1330:          1          2          6          2          3
  1335:          2          4          2          0          2
  1340:          2          2          1          4          7
  1345:          2          3          5          3          5
  1350:          2          3          6          4          3
  1355:          1          4          2          2          4
  1360:          4          4          5          1          2
  1365:          5          5          1          1          6
  1370:          2         10          4          4          3
  1375:          2          4          3          2          0
  1380:          0          6          0          1          4
  1385:          1          5          4          5          5
  1390:          3          4          3          1          4
  1395:          5          0          0          0          4
  1400:          1          2          2          2          4
  1405:          4          2          2          2          3
  1410:          5          4          1          1          1
  1415:          3          3          2          2          0
  1420:          3          2          2          3          3
  1425:          3          5          3          4          2
  1430:          6          3          3          3          2
  1435:          2          1          1          0          6
  1440:          4          4          1          2          7
  1445:          0          3          1          4          2
  1450:          6          2          3          2          1
  1455:          0          3          1          2          1
  1460:          1          2          2          0          3
  1465:          4          2          3          2          2
  1470:          2          1          3          2          3
  1475:          3          1          2          1          2
  1480:          4          0          1          3          3
  1485:          2          3          1          0          4
  1490:          1          1          3          0          1
  1495:          2          2          1          0          1
  1500:          3          0          1          1          1
  1505:          4          4          4          3          1
  1510:          1          0          3          0          1
  1515:          3          1          2          5          0
  1520:          1          3          0          5          3
  1525:          2          1          3          4          2
  1530:          5          3          0          4          1
  1535:          1          1          4          1          2
  1540:          3          3          3          5          2
  1545:          2          4          3          1          5
  1550:          1          2          5          1          2
  1555:          3          4          3          6          0
  1560:          3          8          4          2          4
  1565:          3          4          5          1          6
  1570:          4          1          4          2          3
  1575:          5          0          0          3          2
  1580:          2          1          3          1          1
  1585:          3          3          3          1          0
  1590:          2          1          2          3          2
  1595:          0          2          0          1          2
  1600:          1          3          1          3          5
  1605:          0          1          2          1          4
  1610:          1          1          2          3          1
  1615:          2          5          1          1          0
  1620:          1          2          2          3          2
  1625:          3          2          3          2          2
  1630:          4          3          3          1          1
  1635:          1          1          3          2          4
  1640:          1          1          1          3          1
  1645:          2          1          2          4          0
  1650:          2          3          1          1          0
  1655:          3          0          1          8          3
  1660:          4          0          1          1          0
  1665:          4          3          0          3          4
  1670:          1          3          1          4          1
  1675:          3          2          4          1          2
  1680:          5          3          2          2          1
  1685:          0          3          1          4          2
  1690:          5          0          1          3          1
  1695:          1          0          1          2          1
  1700:          0          0          0          1          1
  1705:          0          3          1          0          2
  1710:          2          1          5          3          2
  1715:          6          2          0          0          3
  1720:          0          1          3          4          1
  1725:          1          1          1          0          0
  1730:          0          2          0          1          3
  1735:          0          3          0          1          1
  1740:          3          5          1          1          2
  1745:          4          1          1          2          2
  1750:          4          1          1          1          2
  1755:          0          1          0          0          2
  1760:          0          1          1          2          1
  1765:          0          1          3          2          1
  1770:          1          1          0          0          1
  1775:          2          2          0          3          4
  1780:          1          0          2          2          1
  1785:          2          1          2          0          2
  1790:          3          2          2          0          1
  1795:          2          2          1          2          0
  1800:          0          0          3          0          1
  1805:          0          0          2          2          2
  1810:          1          1          1          1          1
  1815:          0          2          1          1          2
  1820:          1          1          2          0          1
  1825:          1          1          1          0          2
  1830:          1          2          1          0          1
  1835:          1          0          2          2          0
  1840:          1          2          1          1          0
  1845:          0          1          1          0          0
  1850:          1          2          1          3          1
  1855:          2          0          1          1          2
  1860:          0          0          1          2          2
  1865:          0          1          1          0          3
  1870:          0          1          1          1          2
  1875:          0          2          0          0          1
  1880:          0          0          0          2          1
  1885:          0          2          1          3          0
  1890:          1          0          3          0          1
  1895:          0          0          2          1          4
  1900:          0          1          2          3          1
  1905:          1          1          0          0          0
  1910:          2          1          0          2          1
  1915:          1          0          2          0          0
  1920:          1          0          1          2          2
  1925:          3          1          1          0          5
  1930:          2          3          0          2          2
  1935:          1          2          1          0          3
  1940:          1          2          1          0          3
  1945:          0          0          1          0          2
  1950:          2          6          3          2          2
  1955:          3          0          2          3          4
  1960:          7          1          3          3          5
  1965:          4          2          3          2          5
  1970:          5          3          1          4          3
  1975:          5          2          8          5          7
  1980:          2          4          1          3          4
  1985:          3          4          2          1          6
  1990:          4          3          2          1          1
  1995:          4          4          4          4          6
  2000:          3          6          3          2          8
  2005:          4          2          3          2          2
  2010:          5          4          4          4          3
  2015:          2          0          0          0          0
  2020:          0          0          0          0          0
  2025:          0          0          0          0          0
  2030:          0          0          0          0          0
  2035:          0          0          0          0          0
  2040:          0          0          0          0          0
  2045:          0          0          0
