$SPEC_ID:
No sample description was entered.
$SPEC_REM:
DET# 1
DETDESC# LAB4D1 Easy-MCA-2k SN 18162513
AP# Maestro Version 7.01
$DATE_MEA:
11/05/2019 18:52:44
$MEAS_TIM:
296 300
$DATA:
0 2047
       0
       0
      20
       0
       1
       0
       0
       0
       0
     527
    8473
    7188
    1647
     172
     119
     107
     115
     144
     107
     110
     111
     108
     130
     119
     119
     111
     147
     135
     126
     136
     139
     148
     173
     197
     208
     215
     249
     265
     250
     278
     285
     327
     307
     285
     334
     371
     396
     419
     458
     470
     470
     480
     481
     485
     429
     425
     396
     358
     298
     274
     261
     228
     215
     210
     196
     202
     177
     190
     182
     178
     166
     176
     169
     152
     186
     177
     169
     165
     190
     170
     199
     177
     199
     201
     199
     187
     208
     210
     209
     224
     253
     243
     224
     221
     233
     245
     241
     238
     240
     234
     234
     261
     246
     276
     286
     261
     273
     269
     255
     278
     300
     300
     287
     321
     281
     293
     307
     318
     296
     305
     301
     297
     310
     307
     319
     292
     321
     326
     311
     319
     302
     318
     278
     316
     297
     297
     287
     310
     278
     335
     288
     303
     304
     290
     307
     286
     297
     291
     314
     319
     306
     292
     286
     301
     304
     293
     302
     299
     304
     281
     293
     320
     297
     278
     265
     308
     292
     301
     311
     314
     284
     302
     332
     299
     299
     283
     302
     289
     317
     302
     333
     321
     285
     308
     306
     319
     305
     307
     322
     330
     296
     307
     281
     337
     305
     298
     303
     282
     287
     321
     314
     279
     309
     310
     279
     309
     310
     305
     300
     281
     279
     314
     293
     267
     297
     293
     277
     297
     282
     266
     297
     303
     281
     277
     283
     276
     239
     293
     294
     271
     280
     286
     274
     251
     225
     285
     275
     281
     268
     265
     277
     279
     291
     285
     259
     280
     264
     281
     291
     290
     286
     287
     285
     240
     323
     292
     260
     326
     342
     298
     315
     293
     291
     318
     334
     316
     294
     312
     323
     322
     339
     335
     330
     316
     331
     351
     355
     345
     333
     294
     338
     340
     348
     356
     304
     328
     350
     302
     357
     273
     331
     325
     319
     290
     314
     288
     302
     349
     331
     308
     325
     355
     295
     313
     299
     291
     303
     288
     308
     299
     310
     290
     285
     277
     264
     287
     271
     276
     261
     290
     298
     290
     276
     280
     272
     254
     261
     251
     282
     268
     269
     249
     266
     272
     259
     279
     237
     248
     223
     264
     250
     244
     234
     222
     238
     213
     247
     207
     256
     240
     226
     235
     250
     230
     228
     208
     204
     218
     219
     211
     240
     215
     205
     226
     201
     209
     187
     206
     192
     207
     194
     182
     177
     189
     173
     210
     209
     205
     200
     231
     209
     188
     169
     201
     184
     174
     188
     191
     180
     206
     190
     173
     179
     190
     200
     189
     190
     193
     185
     187
     183
     173
     180
     195
     165
     174
     172
     173
     158
     174
     151
     152
     151
     180
     171
     158
     171
     156
     150
     156
     163
     159
     158
     179
     169
     173
     152
     153
     157
     140
     149
     171
     153
     159
     130
     157
     139
     141
     136
     166
     145
     162
     139
     159
     137
     134
     155
     158
     142
     106
     136
     164
     137
     134
     146
     150
     146
     124
     145
     124
     140
     141
     146
     134
     155
     120
     117
     128
     135
     154
     145
     127
     118
     137
     151
     116
     138
     133
     134
     125
     133
     130
     126
     129
     121
     133
     123
     118
     135
     131
     118
     123
     132
     144
     123
     130
     120
     138
     115
     119
     136
     136
     115
     122
     129
     134
     121
     111
     139
     118
     121
     141
     119
      99
     103
     119
     116
     119
     104
     117
     114
     115
     125
     114
     126
     104
     115
     129
     116
     111
     111
     119
     117
     111
     101
     107
     122
      91
     116
     120
     111
     104
     116
     135
     112
     100
     117
     104
      98
     112
     107
     115
     119
     131
     118
     103
      99
     134
     120
     119
     111
     120
     105
     117
     103
     108
     114
     115
     119
     100
     110
     106
     100
     125
      99
     101
     103
     127
     116
     112
     128
     113
     121
     110
     131
      99
     114
     114
     104
     109
      98
     126
     110
      92
      98
     113
     123
     121
     121
     122
     108
     102
     128
     104
     118
      99
     115
     120
     119
      92
     117
     102
     111
     112
      96
      99
     103
     110
     104
     117
      92
     100
     117
     102
     101
     115
     107
      84
      96
      93
      87
      97
     115
      88
      96
     111
      95
      98
      84
      83
      94
      92
      89
      73
      80
     105
      94
      76
      93
      80
      66
      96
      93
      78
      66
      78
      84
      71
      83
      72
      56
      62
      56
      59
      54
      57
      74
      60
      58
      49
      56
      57
      51
      59
      51
      53
      56
      39
      56
      47
      67
      56
      42
      63
      48
      51
      51
      57
      42
      41
      39
      50
      49
      44
      44
      42
      43
      42
      37
      47
      46
      39
      42
      33
      49
      42
      39
      34
      30
      34
      30
      31
      40
      25
      33
      38
      46
      34
      24
      30
      42
      37
      35
      35
      36
      27
      18
      31
      24
      23
      26
      31
      24
      33
      28
      28
      33
      31
      35
      28
      33
      27
      35
      27
      29
      30
      25
      24
      25
      18
      26
      19
      24
      20
      21
      32
      32
      26
      25
      18
      24
      25
      24
      28
      26
      21
      24
      29
      25
      23
      25
      22
      26
      20
      22
      24
      20
      22
      21
      29
      20
      22
      19
      22
      26
      23
      21
      26
      11
      24
      17
      23
      21
      27
      26
      26
      25
      20
      21
      15
      27
      30
      13
      23
      16
      26
      10
      26
      25
      23
      24
      17
      23
      28
      21
      18
      27
      27
      21
      22
      21
      16
      28
      23
      26
      27
      22
      16
      20
      30
      24
      31
      30
      20
      28
      34
      29
      31
      26
      32
      32
      28
      26
      37
      28
      35
      41
      25
      44
      44
      51
      45
      43
      50
      48
      53
      53
      47
      57
      67
      66
      62
      73
      77
      71
      61
      77
      87
      85
     112
     111
     117
     100
     121
     106
     121
     127
     140
     161
     164
     151
     172
     174
     166
     197
     232
     241
     228
     239
     272
     259
     274
     284
     301
     303
     314
     290
     340
     334
     364
     367
     412
     368
     395
     429
     467
     407
     438
     477
     472
     535
     469
     495
     529
     513
     537
     550
     548
     526
     557
     530
     544
     549
     570
     560
     588
     576
     569
     602
     545
     570
     556
     547
     532
     521
     537
     552
     531
     468
     508
     557
     469
     432
     424
     443
     478
     402
     421
     423
     409
     370
     361
     348
     351
     342
     322
     291
     288
     283
     277
     269
     222
     245
     263
     194
     213
     163
     167
     150
     152
     152
     157
     138
     116
     115
      99
      93
      86
      84
      72
      81
      74
      72
      43
      48
      40
      42
      42
      36
      36
      34
      28
      27
      29
      23
      27
      16
      16
      19
      12
      22
      13
      11
      12
      10
      13
      16
      10
       3
       8
       9
       7
       8
       5
       6
       8
       4
       6
       7
       4
       7
       4
       4
       2
       4
       2
       4
       9
       5
       7
       1
       5
       5
       3
       6
       3
       6
       5
       6
       6
       5
       7
       1
       5
       1
       5
       2
       4
       4
       2
       6
       1
       3
       5
       2
       6
       7
       2
       5
       2
       0
       4
       7
       2
       3
       5
       7
       4
       3
       6
       5
       1
       6
       8
       3
       5
       2
       4
       2
       4
       5
       2
       9
       3
       5
       2
       4
       2
       2
       1
       4
       5
       2
       3
       4
       5
       4
       3
       2
       3
       6
       2
       3
       1
       5
       2
       1
       5
       4
       4
       3
       4
       1
       7
       6
       4
       4
       3
       1
       8
       2
       3
       2
       5
       5
       2
       5
       4
       1
       3
       1
       1
       5
       7
       3
       5
       5
       4
       2
       6
       2
       3
       4
       2
       4
       3
       5
       4
       5
       2
       3
       5
       4
       2
       9
       4
       2
       7
       5
       2
       3
       1
       2
       4
       2
       4
       3
       1
       3
       2
       1
       1
      10
       2
       5
       0
       4
       5
       2
       4
       5
       3
       2
       5
       3
       8
       1
       1
       4
       3
       3
       3
       3
       0
       1
       4
       5
       3
       2
       6
       3
       5
       3
       4
       7
       5
       2
       3
       6
       1
       1
       3
       2
       2
       3
       4
       2
       3
       3
       2
       2
       6
       7
       4
       5
       6
       8
       1
       4
       3
       7
       6
       4
       2
       4
       6
       4
       2
       1
       4
       4
       3
       2
       4
       3
       6
       4
       8
       1
       3
       2
       2
       2
       4
       1
       2
       5
       5
       1
       5
       2
       4
       8
       2
       5
       7
       7
       3
       2
       1
       3
       4
       2
       6
       0
       5
       3
       5
       2
       2
       8
       5
       3
       3
       5
       0
       3
       6
       3
       6
       1
       5
       4
       2
       3
       6
       4
       5
       3
       4
       1
       5
       2
       2
       1
       2
       7
       5
       2
       3
       0
       3
       1
       4
       5
       2
       1
       2
       1
       4
       2
       4
       5
       4
       4
       2
       2
       3
       3
       2
       7
       5
       2
       6
       2
       3
       6
       3
       3
       3
       3
       2
       3
       4
       1
       3
       2
       1
       2
       1
       2
       1
       0
       3
       5
       6
       4
       4
       2
       4
       5
       6
       2
       1
       3
       5
       3
       2
       1
       1
       2
       7
       0
       1
       3
       3
       5
       4
       3
       2
       3
       4
       1
       2
       0
       3
       3
       5
       3
       1
       4
       7
       1
       3
       4
       2
       3
       1
       3
       4
       1
       2
       5
       5
       2
       5
       7
       4
       3
       1
       4
       2
       1
       1
       1
       1
       0
       2
       3
       3
       3
       1
       5
       1
       1
       3
       2
       1
       4
       4
       0
       1
       4
       3
       2
       2
       3
       2
       0
       2
       4
       0
       1
       2
       1
       2
       1
       4
       2
       4
       2
       3
       3
       1
       0
       1
       0
       2
       1
       3
       1
       2
       3
       3
       2
       3
       3
       4
       2
       2
       4
       3
       2
       2
       4
       1
       2
       3
       1
       1
       1
       3
       4
       3
       1
       0
       1
       1
       1
       3
       4
       2
       2
       1
       2
       2
       3
       2
       2
       4
       0
       2
       3
       6
       4
       3
       3
       4
       3
       3
       4
       3
       3
       5
       2
       4
       4
       1
       5
       2
       1
       2
       1
       1
       4
       2
       3
       3
       1
       1
       2
       2
       1
       5
       1
       2
       2
       3
       3
       1
       5
       3
       5
       1
       0
       6
       4
       2
       2
       3
       0
       2
       5
       5
       5
       1
       4
       3
       3
       2
       2
       1
       3
       2
       5
       1
       3
       6
       1
       3
       4
       5
       2
       6
       5
       1
       1
       5
       3
       3
       3
       3
       3
       4
       5
       3
       3
       1
       3
       2
       1
       2
       1
       3
       4
       1
       1
       2
       0
       1
       5
       0
       2
       2
       4
       1
       1
       1
       3
       4
       1
       0
       2
       2
       2
       2
       3
       2
       1
       0
       4
       6
       2
       3
       4
       2
       1
       1
       2
       5
       1
       4
       1
       1
       2
       5
       2
       1
       4
       0
       1
       0
       1
       3
       4
       0
       0
       1
       1
       0
       0
       4
       0
       3
       1
       3
       2
       2
       4
       2
       1
       3
       1
       1
       3
       0
       3
       1
       0
       2
       1
       0
       0
       2
       2
       1
       1
       1
       2
       2
       0
       5
       1
       2
       1
       4
       2
       1
       2
       0
       2
       2
       2
       1
       3
       0
       2
       2
       1
       1
       2
       1
       2
       0
       1
       1
       1
       2
       0
       0
       2
       1
       1
       1
       3
       0
       0
       1
       4
       0
       2
       2
       2
       1
       1
       2
       1
       3
       1
       4
       1
       3
       1
       0
       2
       3
       0
       3
       1
       3
       1
       2
       2
       1
       1
       1
       0
       0
       0
       1
       0
       0
       0
       0
       0
       2
       1
       1
       0
       1
       3
       1
       0
       1
       4
       1
       2
       0
       2
       0
       2
       0
       1
       5
       2
       1
       1
       1
       0
       1
       0
       3
       1
       0
       0
       0
       2
       1
       3
       0
       0
       2
       2
       0
       1
       1
       2
       2
       1
       0
       3
       0
       0
       1
       0
       1
       2
       1
       4
       1
       1
       0
       3
       3
       3
       1
       3
       0
       1
       1
       1
       1
       2
       1
       0
       1
       4
       3
       2
       0
       2
       3
       0
       1
       1
       0
       0
       1
       0
       2
       2
       3
       0
       0
       2
       3
       0
       1
       4
       2
       1
       0
       1
       1
       2
       3
       0
       5
       3
       1
       0
       1
       1
       1
       0
       2
       1
       5
       2
       3
       1
       2
       1
       2
       2
       1
       0
       2
       1
       2
       0
       3
       0
       7
       1
       1
       0
       2
       0
       1
       2
       1
       1
       2
       0
       3
       0
       1
       0
       2
       2
       0
       1
       1
       0
       2
       1
       0
       1
       1
       1
       1
       5
       2
       1
       2
       1
       3
       2
       2
       3
       1
       0
       1
       1
       0
       0
       4
       1
       1
       3
       4
       0
       4
       1
       2
       1
       2
       1
       2
       5
       7
       2
       2
       2
       0
       3
       4
       2
       0
       2
       5
       5
       2
       1
       4
       3
       0
       6
       2
       2
       5
       3
       4
       2
       4
       5
       1
       2
       5
       4
       3
       4
       8
       5
       2
       5
       3
       1
       5
       4
       5
       2
       4
       4
       3
       4
       2
       3
       3
       4
       2
       6
       2
       2
       5
       0
       4
       3
       2
       3
       8
       4
       4
       1
       5
       5
       6
       4
       5
       4
       4
       1
       5
       3
       5
       0
       0
       0
       0
       0
       0
       0
       0
       0
       0
       0
       0
       0
       0
       0
       0
       0
       0
       0
       0
       0
       0
       0
       0
       0
       0
       0
       0
       0
       0
       0
       0
$ROI:
0
$PRESETS:
None
0
0
$ENER_FIT:
0.000000 1.000000
$MCA_CAL:
3
0.000000E+000 1.000000E+000 0.000000E+000 keV
$SHAPE_CAL:
3
1.000000E+000 0.000000E+000 0.000000E+000
