       0
       0
       0
       0
       0
       0
       0
       0
       0
     137
    2512
    2519
     601
      41
      28
      41
      29
      43
      24
      34
      32
      31
      26
      46
      36
      37
      27
      36
      38
      39
      37
      41
      41
      32
      40
      40
      37
      47
      51
      57
      42
      50
      52
      63
      60
      60
      61
      60
      70
      63
      78
      65
      70
      57
      66
      69
      50
      59
      65
      59
      51
      66
      48
      44
      44
      64
      73
      60
      77
      70
      67
      69
      60
      47
      55
      68
      57
      80
      83
      86
      84
      93
      98
      80
      86
     121
     106
      88
      77
     115
     101
     125
     116
     110
     119
     104
     114
     110
     141
     107
     135
     133
     135
     110
     123
     125
     109
     134
     121
     158
     135
     162
     153
     141
     135
     138
     131
     157
     155
     139
     143
     158
     160
     149
     159
     161
     168
     150
     152
     146
     170
     156
     171
     150
     159
     154
     129
     143
     170
     153
     170
     131
     154
     153
     139
     163
     153
     150
     151
     156
     149
     149
     142
     140
     142
     130
     135
     152
     141
     127
     148
     146
     153
     149
     154
     152
     151
     153
     151
     149
     141
     132
     135
     132
     146
     128
     175
     155
     141
     132
     148
     154
     129
     140
     105
     143
     135
     123
     143
     140
     129
     147
     136
     139
     128
     141
     120
     116
     152
     121
     151
     115
     135
     114
     112
     132
     124
     129
     120
     112
     105
     119
     140
     127
     116
     115
     111
     120
     127
     124
     117
     106
     109
      96
     107
     116
     109
     121
     110
     118
     116
     123
     123
      91
     100
     114
     113
     102
      93
     102
     106
      89
      93
     103
     108
     104
      92
     122
     106
     103
      97
      94
      82
      91
      95
     111
      93
      93
     109
      98
      97
     100
     102
      89
      75
     101
      93
      98
      83
      95
     109
      88
      88
     100
      89
      91
      91
      93
      88
      90
     105
      90
      84
      90
      77
      94
      94
      92
      84
      70
      93
      81
      96
      89
      86
      75
      79
      81
      95
      69
      81
      82
      61
      80
      78
      59
      83
      78
      87
      75
      78
      67
      97
      86
      75
      81
      72
      66
      77
      81
      62
      65
      75
      73
      61
      79
      92
      59
      75
      83
      83
      67
      89
      82
      71
      64
      61
      72
      81
      61
      65
      60
      73
      70
      57
      80
      67
      61
      58
      74
      60
      67
      75
      66
      63
      74
      59
      60
      68
      49
      72
      66
      60
      60
      56
      51
      55
      59
      55
      50
      47
      56
      43
      60
      62
      43
      67
      50
      47
      47
      42
      42
      53
      46
      33
      55
      52
      57
      39
      60
      44
      55
      35
      43
      46
      36
      28
      53
      43
      53
      46
      52
      29
      44
      38
      43
      29
      56
      43
      43
      47
      46
      42
      45
      47
      41
      42
      47
      41
      56
      49
      51
      46
      39
      46
      44
      29
      29
      42
      33
      51
      53
      37
      35
      26
      45
      42
      36
      38
      39
      38
      51
      39
      35
      35
      35
      39
      39
      42
      31
      40
      37
      33
      32
      29
      28
      33
      32
      32
      30
      38
      37
      29
      37
      34
      41
      32
      26
      33
      29
      25
      30
      42
      39
      38
      37
      38
      35
      35
      26
      33
      29
      26
      38
      31
      33
      27
      35
      31
      28
      32
      34
      36
      27
      38
      32
      25
      44
      35
      30
      31
      41
      29
      27
      45
      31
      25
      24
      32
      37
      29
      31
      29
      29
      37
      25
      37
      26
      18
      32
      24
      28
      24
      28
      27
      28
      25
      25
      28
      28
      31
      27
      21
      18
      22
      22
      22
      29
      29
      20
      18
      25
      23
      22
      22
      23
      21
      30
      23
      22
      27
      25
      26
      13
      22
      20
      23
      23
      23
      27
      24
      29
      32
      24
      27
      23
      26
      24
      15
      22
      26
      36
      17
      20
      19
      17
      21
      20
      23
      30
      10
      24
      19
      20
      21
      16
      16
      26
      18
      19
      24
      14
      24
      20
      20
      22
      22
      23
      14
      22
       5
      20
      14
      26
      26
      18
      15
      18
      13
      18
      16
      24
      25
      18
      23
      18
      14
      15
      19
      18
      21
      11
      11
      16
      16
      26
      16
      22
      20
      16
      21
      22
      22
      20
      14
      13
      19
      17
      11
      25
      15
      15
      15
      18
      16
      21
      16
      13
       9
      19
      17
      13
      19
       9
       8
       6
      14
      14
      15
       8
      16
      16
      15
      13
      16
      16
      10
      11
      14
      13
      22
      14
      14
      15
      19
      10
       6
       9
      10
      14
      10
      10
      16
       8
       9
       8
       7
      14
      10
      12
      11
       9
      11
      11
      16
      16
      15
       8
       6
      13
      12
       9
      19
      11
      10
      15
      14
       7
      15
      10
       7
       6
      12
      13
      16
      16
       8
      13
      11
      10
      15
      16
      12
      10
      12
      11
      13
       7
      13
       9
       9
       9
      13
      10
       9
       8
       7
      12
      10
       8
       9
      15
       7
      10
       9
      10
      16
      11
       9
      10
       5
      10
      15
      10
      11
       5
      10
      10
      11
       8
      14
       9
       8
      11
       3
       7
      11
       9
       8
       4
       9
      10
       9
       6
       5
      10
       9
      14
      10
       4
       7
      10
       8
       5
      12
       8
      12
       7
       7
      18
       8
       9
      13
       3
      11
       6
      10
      11
      11
      10
       5
       8
      11
       7
       7
       9
      11
       6
       8
      11
       5
       9
       6
       7
      13
      16
       5
      11
      15
      12
       8
       8
       9
      11
      10
      11
      11
       7
      12
      12
      10
      12
       4
      10
      11
      10
       7
      11
      20
       7
      10
       7
       8
       4
       7
      16
      11
       8
       8
      10
       8
       9
      12
      12
      17
      14
      11
      10
       9
      16
      15
       6
      10
       9
      21
      20
      10
       9
      20
      13
       9
      14
      19
      16
      15
      18
      21
      21
      20
      20
      20
      16
      21
      23
       9
      23
      22
      17
      21
      32
      24
      23
      21
      35
      35
      17
      28
      27
      29
      21
      31
      31
      31
      35
      42
      33
      36
      46
      35
      37
      44
      34
      41
      36
      38
      48
      38
      37
      48
      45
      49
      44
      47
      43
      42
      54
      44
      46
      44
      43
      36
      36
      42
      49
      44
      29
      39
      49
      53
      43
      36
      43
      35
      40
      29
      36
      26
      56
      26
      32
      42
      25
      33
      26
      34
      24
      15
      22
      24
      32
      20
      20
      21
      22
      21
      22
      17
      15
       6
      18
      15
       9
      11
      15
       7
      10
      13
      11
      10
       7
       9
      11
      14
      10
      12
      10
       6
      11
       5
       9
       5
       8
      10
      10
       6
       9
       4
       9
       7
       7
       5
       3
       8
       3
       3
       4
       5
       6
       3
       1
       7
       7
       5
       3
       6
       7
       6
       3
       2
       4
       1
       6
       6
       5
       3
       2
       9
       7
       5
       4
       1
       3
       4
       3
       7
       3
       3
       3
       3
       4
       1
       8
       4
       3
       2
       6
       4
       4
       9
       5
       4
       4
       4
       3
       4
       3
       3
       2
       6
       4
       5
       4
       0
       4
       2
       9
       4
       3
       3
       2
       3
       3
       1
       2
       4
       6
       4
       2
       6
       2
       4
       4
       3
       7
      10
       2
       3
       2
       4
       3
       7
       6
       6
       4
       1
      10
       1
       7
       2
       3
       6
       5
       2
       7
       4
       0
       6
       2
       3
       3
       3
       3
       1
       4
       1
       5
       6
       0
       5
       3
       2
       4
       3
       5
       5
       8
       3
       1
       3
       4
       3
       0
       3
       2
       5
       5
       7
       0
       2
       3
       3
       3
       5
       3
       3
       1
       2
       1
       4
       1
       2
       3
       2
       4
       0
       3
       5
       6
       2
       1
       3
       5
       4
       2
       2
       1
       3
       3
       1
       3
       3
       7
       1
       3
       0
       2
       2
       2
       3
       5
       4
       3
       5
       2
       3
       3
       2
       0
       3
       5
       2
       1
       2
       4
       6
       8
       1
       4
       1
       2
       3
       2
       4
       1
       6
       3
       2
       2
       5
       6
       3
       5
       3
       6
       4
       5
       1
       6
       6
       5
       5
       6
       4
       2
       4
       5
       1
       1
       1
       7
       7
       3
       4
       2
       4
       2
       3
       2
       3
       1
       1
       1
       4
       4
       5
       3
       4
       3
       3
       3
       3
       7
       5
       1
       2
       2
       0
       4
       3
       5
       3
       6
       2
       3
       4
       3
       2
       5
       2
       5
       0
       5
       4
       5
       1
       5
       2
       6
       1
       5
      10
       3
       3
       1
       1
       3
       1
       2
       3
       5
       3
       5
       1
       4
       0
       0
       6
       4
       5
       1
       3
       4
       2
       2
       3
       7
       2
       3
       5
       3
       1
       3
       7
       1
       3
       4
       3
       1
       8
       4
       1
       0
       2
       2
       2
       3
       3
       3
       5
       5
       0
       4
       3
       4
       5
       2
       3
       3
       3
       1
       4
       7
       0
       7
       2
       4
       4
       6
       1
       2
       4
       3
       3
       4
       1
       5
       7
       2
       2
       5
       2
       2
       3
       1
       3
       1
       2
       3
       2
       1
       5
       2
       5
       4
       1
       0
       2
       1
       6
       6
       4
       6
       1
       1
       2
       2
       3
       1
       7
       3
       1
       0
       2
       2
       4
       3
       4
       2
       4
       1
       2
       1
       1
       1
       2
       2
       2
       1
       3
       2
       2
       2
       2
       3
       1
       2
       3
       2
       1
       2
       0
       1
       4
       4
       3
       2
       0
       7
       3
       2
       2
       2
       2
       1
       2
       3
       0
       1
       1
       4
       3
       3
       0
       1
       4
       1
       2
       3
       7
       4
       2
       0
       1
       2
       3
       2
       1
       3
       5
       0
       0
       2
       1
       3
       0
       3
       1
       1
       1
       1
       3
       1
       5
       2
       1
       3
       1
       1
       3
       1
       4
       3
       2
       3
       2
       0
       0
       2
       1
       1
       2
       0
       1
       0
       2
       3
       2
       3
       3
       3
       2
       3
       3
       4
       5
       4
       2
       5
       2
       1
       3
       3
       3
       2
       6
       2
       5
       2
       5
       1
       4
       6
       3
       4
       3
       2
       3
       5
       1
       3
       4
       1
       5
       2
       4
       7
       2
       2
       7
       5
       2
       1
       5
       5
       3
       1
       2
       1
       2
       3
       1
       1
       2
       5
       0
       2
       5
       1
       0
       3
       6
       2
       4
       0
       8
       3
       1
       2
       1
       1
       1
       1
       0
       2
       0
       2
       0
       2
       3
       0
       0
       5
       3
       2
       2
       3
       2
       3
       3
       3
       2
       1
       3
       2
       1
       3
       2
       4
       0
       3
       2
       2
       3
       3
       2
       5
       2
       2
       1
       2
       3
       3
       5
       1
       3
       4
       6
       1
       2
       1
       4
       2
       3
       4
       3
       1
       0
       5
       2
       1
       2
       1
       2
       1
       0
       0
       2
       4
       0
       1
       1
       4
       1
       3
       1
       1
       1
       1
       3
       1
       1
       4
       2
       2
       1
       4
       2
       1
       2
       1
       2
       3
       2
       1
       1
       4
       1
       1
       3
       2
       0
       2
       3
       2
       2
       2
       3
       2
       4
       4
       2
       1
       4
       4
       2
       1
       1
       3
       2
       2
       1
       0
       2
       5
       1
       5
       0
       1
       2
       0
       1
       0
       1
       2
       0
       0
       0
       1
       1
       2
       6
       2
       3
       0
       2
       0
       3
       1
       0
       3
       1
       2
       1
       0
       0
       0
       2
       1
       0
       4
       1
       2
       1
       0
       0
       0
       0
       2
       0
       2
       0
       4
       2
       1
       0
       1
       2
       2
       2
       0
       0
       1
       0
       1
       3
       0
       1
       1
       1
       0
       2
       2
       0
       2
       2
       1
       0
       0
       0
       2
       2
       1
       3
       2
       1
       0
       1
       1
       0
       2
       1
       1
       1
       2
       0
       1
       3
       0
       2
       2
       0
       0
       0
       2
       0
       3
       1
       2
       0
       2
       3
       1
       2
       0
       3
       2
       0
       2
       1
       1
       1
       0
       3
       0
       0
       3
       2
       0
       1
       0
       2
       0
       6
       3
       1
       0
       2
       0
       1
       1
       0
       3
       1
       2
       0
       0
       0
       0
       1
       2
       0
       0
       1
       1
       2
       0
       1
       2
       2
       4
       2
       0
       1
       5
       1
       3
       1
       3
       2
       1
       0
       0
       1
       2
       1
       1
       0
       0
       1
       1
       0
       0
       1
       2
       1
       0
       3
       1
       0
       0
       0
       1
       1
       0
       1
       0
       1
       0
       1
       0
       1
       3
       0
       2
       3
       1
       0
       0
       1
       2
       0
       2
       1
       1
       1
       2
       0
       2
       1
       1
       1
       0
       1
       2
       3
       4
       1
       0
       2
       2
       2
       1
       1
       1
       2
       2
       3
       3
       5
       4
       3
       5
       0
       3
       1
       3
       1
       0
       2
       2
       2
       4
       2
       4
       2
       4
       2
       2
       4
       0
       2
       5
       4
       2
       5
       2
       5
       5
       4
       3
       4
       5
       1
       9
       5
       4
       0
       4
       3
       3
       4
       4
       3
       1
       3
       6
       3
       2
       3
       4
       5
       2
       6
       3
       4
       4
       2
       4
       9
       0
       7
       4
       8
       5
       1
      11
       7
       2
       3
       1
       3
       4
       2
       5
       5
       4
       4
       2
       0
       5
       4
       1
       3
       2
       9
       1
       0
       0
       0
       0
       0
       0
       0
       0
       0
       0
       0
       0
       0
       0
       0
       0
       0
       0
       0
       0
       0
       0
       0
       0
       0
       0
       0
       0
       0
       0
       0
       0
