ACQUISITION INFORMATION

Detector ID:  1
Detector description:
LAB4D1 Easy-MCA-2k SN 18162513
Sample description:

Real Time:  299.999993
Live Time:  289.579994
Acquisition start date:  06Nov2019
Acquisition start time:  09:20:20
Starting channel number:   0
Number of channels:   2048


CALIBRATION INFORMATION

ENERGY CALIBRATION
Units:
Energy Fit:  0.000000E+000  1.000000E+000  0.000000E+000
FWHM Fit:  1.000000E+000  0.000000E+000  0.000000E+000
Efficiency Terms:  0.000000  0.000000  0.000000  0.000000  0.000000
  0.000000  0.000000  0.000000  0.000000  0.000000


SPECTRUM
     0:          0          0          0          0          0
     5:          0          0          0          0       5060
    10:      38853      31714       7813        542        307
    15:        319        269        260        252        257
    20:        251        316        272        296        272
    25:        299        287        302        313        333
    30:        366        342        364        382        442
    35:        462        495        562        573        553
    40:        630        691        730        764        772
    45:        905        908        961       1070       1153
    50:       1199       1264       1295       1263       1204
    55:       1185       1065        985        911        808
    60:        751        689        632        536        491
    65:        466        413        396        380        315
    70:        368        311        359        343        336
    75:        370        368        338        344        362
    80:        339        348        322        364        344
    85:        367        403        355        403        373
    90:        435        363        361        410        415
    95:        417        391        447        406        429
   100:        444        491        458        478        429
   105:        447        469        514        493        470
   110:        503        531        454        494        492
   115:        555        526        494        536        521
   120:        514        479        498        497        546
   125:        495        467        505        478        530
   130:        504        466        501        522        467
   135:        484        462        483        502        549
   140:        505        471        494        537        491
   145:        497        502        470        506        487
   150:        510        491        491        472        519
   155:        532        457        527        491        504
   160:        498        496        479        501        500
   165:        474        491        525        487        510
   170:        503        504        517        539        541
   175:        501        487        521        517        493
   180:        488        502        526        520        596
   185:        507        514        545        532        546
   190:        552        550        542        552        549
   195:        525        545        550        514        506
   200:        544        539        526        555        536
   205:        603        543        489        536        533
   210:        556        548        531        531        503
   215:        512        545        539        519        511
   220:        514        509        535        560        538
   225:        528        484        543        501        547
   230:        493        544        553        539        498
   235:        557        563        504        521        513
   240:        532        508        528        506        526
   245:        494        504        549        550        565
   250:        561        506        555        527        532
   255:        566        535        559        597        579
   260:        586        523        603        560        611
   265:        562        600        634        618        629
   270:        614        645        633        627        660
   275:        680        675        670        655        673
   280:        652        716        695        674        759
   285:        733        698        719        731        715
   290:        703        761        710        673        719
   295:        682        686        706        695        694
   300:        679        650        631        691        652
   305:        652        722        641        660        663
   310:        636        644        625        646        590
   315:        619        617        560        642        574
   320:        638        614        600        575        581
   325:        595        538        612        544        542
   330:        565        530        550        553        574
   335:        563        539        527        570        524
   340:        540        495        515        519        516
   345:        532        532        477        527        499
   350:        474        498        545        506        510
   355:        488        492        518        447        455
   360:        496        494        496        468        445
   365:        432        482        448        436        470
   370:        419        453        474        416        434
   375:        443        441        389        448        439
   380:        417        402        401        416        391
   385:        434        378        403        396        398
   390:        457        384        396        404        439
   395:        397        406        384        359        379
   400:        336        372        358        343        368
   405:        388        372        342        325        339
   410:        376        368        347        341        370
   415:        377        368        341        346        352
   420:        352        320        335        299        338
   425:        338        358        356        343        319
   430:        345        318        334        320        337
   435:        341        318        324        345        308
   440:        340        349        340        310        300
   445:        320        309        296        348        326
   450:        292        306        302        271        294
   455:        302        303        308        286        286
   460:        325        336        269        320        291
   465:        277        278        292        287        291
   470:        298        285        298        266        280
   475:        279        300        296        264        287
   480:        315        272        274        291        257
   485:        264        255        277        289        255
   490:        297        302        297        261        293
   495:        288        284        275        293        256
   500:        247        249        313        310        289
   505:        259        242        294        259        266
   510:        289        278        252        279        298
   515:        269        280        266        289        271
   520:        258        267        237        258        273
   525:        242        247        267        252        245
   530:        293        239        274        260        245
   535:        249        249        252        258        287
   540:        249        239        243        234        241
   545:        228        220        266        229        268
   550:        232        243        233        245        276
   555:        275        260        247        273        259
   560:        275        242        251        263        254
   565:        239        278        283        249        254
   570:        233        255        266        244        248
   575:        279        298        252        234        245
   580:        282        267        288        241        261
   585:        230        277        254        260        225
   590:        261        262        253        264        252
   595:        259        264        286        262        270
   600:        258        255        267        256        257
   605:        242        272        252        238        246
   610:        268        263        275        263        266
   615:        236        274        247        299        243
   620:        249        222        253        274        255
   625:        248        259        273        251        260
   630:        281        255        257        244        227
   635:        234        254        257        237        216
   640:        245        237        238        234        237
   645:        224        231        201        208        215
   650:        194        203        223        205        220
   655:        214        208        197        211        199
   660:        161        201        184        181        179
   665:        186        162        167        162        162
   670:        156        162        167        170        140
   675:        163        147        135        134        138
   680:        142        130        150        124        102
   685:        123        133        113        119        107
   690:        118        118        122        111        112
   695:        109        102         89        107         83
   700:        107         99        100         93        108
   705:        106         92         84         95         85
   710:         77         83         76         78         90
   715:         79         98         73         95         79
   720:         87         71         75         64         71
   725:         77         72         67         58         75
   730:         75         75         76         57         67
   735:         62         72         77         66         58
   740:         71         47         71         56         51
   745:         59         55         63         63         64
   750:         70         56         56         42         73
   755:         43         67         66         66         54
   760:         57         50         58         57         56
   765:         29         51         58         55         35
   770:         57         47         55         49         48
   775:         43         54         55         61         50
   780:         39         56         44         35         48
   785:         44         44         51         53         47
   790:         46         41         46         43         42
   795:         38         45         48         47         43
   800:         46         58         50         34         48
   805:         38         31         39         41         48
   810:         32         43         52         46         28
   815:         53         43         51         54         46
   820:         34         40         42         39         45
   825:         46         51         38         39         53
   830:         50         63         43         39         56
   835:         47         49         53         55         53
   840:         55         56         45         53         38
   845:         64         59         65         75         57
   850:         63         68         76         70         72
   855:         77         78         89         76         89
   860:         88         99        100        100        101
   865:        116        116        112        125        112
   870:        135        153        149        164        192
   875:        184        204        202        204        222
   880:        243        261        227        264        308
   885:        309        307        327        332        366
   890:        372        366        401        396        471
   895:        464        496        489        552        544
   900:        604        578        647        654        658
   905:        741        767        810        783        846
   910:        864        961        958        967        976
   915:       1001       1069       1094       1079       1142
   920:       1222       1175       1232       1191       1214
   925:       1233       1326       1273       1264       1329
   930:       1337       1343       1348       1367       1381
   935:       1406       1408       1425       1405       1404
   940:       1421       1513       1472       1402       1424
   945:       1331       1384       1364       1374       1305
   950:       1317       1302       1307       1296       1270
   955:       1192       1172       1115       1164       1055
   960:       1072       1019       1017        918        881
   965:        899        864        809        830        745
   970:        701        703        660        655        588
   975:        632        560        482        501        452
   980:        463        414        380        374        381
   985:        327        304        270        232        256
   990:        236        204        194        181        179
   995:        152        130        118        135        122
  1000:        114         95         94         81         61
  1005:         78         59         63         64         52
  1010:         54         29         32         37         22
  1015:         34         16         23         20         23
  1020:         20         11         16         14          8
  1025:          9         14          7          6         10
  1030:          8          7          6          7          8
  1035:          3          8          6          7          8
  1040:          4          4          6          8          7
  1045:          4          7          6          6         11
  1050:          7          4          3          5          8
  1055:          5          4          6          6          7
  1060:          7          4          7          5          5
  1065:          5          8          4          3          3
  1070:          6          1          7         10          2
  1075:          7          6          8          3          3
  1080:          4          6          7          4          5
  1085:          6          7          4          6          6
  1090:          6          6          7          5          4
  1095:          6          5          6          5          5
  1100:          5          7          3          9          4
  1105:          8          0          4          3          8
  1110:          2          7          3          5          6
  1115:          5          1          8          3          7
  1120:          4          4          9          6          4
  1125:          5          5          5          6          2
  1130:          4          4          4          8          4
  1135:          5          4          4          3          1
  1140:          6          4          6          3          5
  1145:          4          2          1          3          5
  1150:          2          3          2          2          5
  1155:          3          5          5          4          1
  1160:          4          3          6          2          1
  1165:          4          4          5          4          3
  1170:          2          5          0          3          4
  1175:          4          5          2          6          7
  1180:          2          6          3          1          6
  1185:          1          7          7          7          7
  1190:          5          5          7          5          7
  1195:          6          3          5          1          5
  1200:          3          3          4          4          2
  1205:          0          4          2          3          6
  1210:          2          3          1          3          0
  1215:          4          6          2          4          5
  1220:          5          7          2          5          5
  1225:          3          6          4          1          4
  1230:          2          2          0          5          1
  1235:          5          4          6          6          6
  1240:          4          5          4          2          5
  1245:          2          2          4          4          5
  1250:          1          5          6          4          4
  1255:          4         11          3          6          2
  1260:          2          6          3          5          4
  1265:          3          5          5          2          4
  1270:          4          5          6          5          2
  1275:          5          5          2          4         10
  1280:          5          5          9          7          4
  1285:          4          2          5          5          3
  1290:          4          5          4          7          3
  1295:          6          2          4          8          5
  1300:          4          7          3          7          6
  1305:          5          1          5          4          4
  1310:         10          3          6          4          7
  1315:          3          4          4          5          8
  1320:          2          7          3          5          5
  1325:          3          2          3          3          8
  1330:          4          4          1          1          3
  1335:          3          4          5          6          5
  1340:          3          2          5          4          2
  1345:          3          3          6          3          1
  1350:          2          1          2          1          3
  1355:          1          5          2          3          4
  1360:          2          3          5          4          7
  1365:          0          5          2          4          3
  1370:          5          2          1          5          1
  1375:          5          3          6          1          1
  1380:          3          3          2          2          4
  1385:          5          0          3          3          0
  1390:          0          3          2          2          4
  1395:          2          1          3          2          1
  1400:          1          4          3          4          5
  1405:          3          7          2          0          2
  1410:          1          1          5          1          3
  1415:          2          2          3          0          1
  1420:          2          2          3          3          4
  1425:          8          3          1          1          4
  1430:          1          5          1          0          2
  1435:          2          2          2          1          4
  1440:          4          0          2          1          1
  1445:          1          6          4          1          1
  1450:          4          2          4          6          2
  1455:          3          3          0          2          3
  1460:          2          5          1          1          2
  1465:          0          2          3          2          5
  1470:          2          1          3          4          3
  1475:          3          1          6          5          1
  1480:          2          4          6          3          5
  1485:          1          3          2          2          2
  1490:          1          1          5          4          3
  1495:          2          5          2          1          2
  1500:          2          3          4          3          2
  1505:          3          3          2          1          0
  1510:          0          4          1          2          0
  1515:          0          0          1          3          4
  1520:          3          2          1          2          1
  1525:          1          4          1          6          1
  1530:          0          2          3          4          0
  1535:          7          2          5          3          1
  1540:          2          2          3          4          1
  1545:          5          3          2          5          5
  1550:          7          2          5          3          0
  1555:          7          3          2          7          1
  1560:          1          8          5          4          2
  1565:          3          1          4          4          3
  1570:          4          3          2          5          0
  1575:          4          1          4          0          2
  1580:          5          4          3          1          1
  1585:          6          2          5          2          2
  1590:          2          1          3          4          5
  1595:          1          4          4          1          2
  1600:          3          0          3          2          0
  1605:          3          1          3          5          3
  1610:          3          2          2          3          1
  1615:          4          3          6          2          6
  1620:          3          3          5          2          4
  1625:          1          2          2          0          2
  1630:          4          2          1          2          2
  1635:          3          5          4          3          0
  1640:          3          5          1          2          1
  1645:          1          0          1          3          0
  1650:          1          1          6          1          2
  1655:          0          2          0          0          2
  1660:          3          1          1          1          2
  1665:          2          5          2          0          1
  1670:          2          2          0          2          5
  1675:          1          2          0          0          3
  1680:          2          6          4          1          2
  1685:          3          3          4          1          3
  1690:          4          4          3          1          0
  1695:          3          1          1          2          4
  1700:          2          2          3          3          3
  1705:          2          0          3          0          1
  1710:          0          1          4          3          1
  1715:          1          1          4          1          3
  1720:          1          3          4          2          2
  1725:          3          2          2          1          4
  1730:          0          0          3          0          2
  1735:          1          0          1          1          0
  1740:          3          0          2          2          0
  1745:          3          2          2          1          2
  1750:          1          2          0          2          4
  1755:          2          2          1          3          0
  1760:          1          1          1          0          1
  1765:          1          2          2          1          2
  1770:          1          0          0          0          1
  1775:          1          1          1          2          1
  1780:          0          1          1          2          0
  1785:          1          0          1          2          1
  1790:          1          2          1          1          3
  1795:          3          2          0          1          1
  1800:          3          1          1          1          1
  1805:          3          0          1          1          0
  1810:          1          2          2          3          1
  1815:          3          1          1          2          1
  1820:          0          0          0          1          2
  1825:          1          3          0          2          1
  1830:          1          1          1          1          2
  1835:          0          0          0          1          1
  1840:          0          2          1          1          0
  1845:          3          2          1          0          2
  1850:          3          2          0          1          0
  1855:          1          2          2          1          1
  1860:          0          0          0          0          5
  1865:          2          0          0          1          1
  1870:          0          2          1          0          3
  1875:          0          1          0          0          2
  1880:          0          1          2          3          1
  1885:          1          0          3          1          1
  1890:          1          0          0          2          2
  1895:          1          1          0          2          1
  1900:          2          0          3          0          1
  1905:          1          2          2          2          2
  1910:          2          1          0          2          0
  1915:          4          0          0          0          1
  1920:          2          0          0          3          4
  1925:          3          3          1          1          0
  1930:          2          1          1          1          0
  1935:          3          1          0          3          0
  1940:          0          2          1          2          1
  1945:          2          2          4          2          3
  1950:          4          0          2          0          1
  1955:          4          3          5          6          2
  1960:          1          1          2          1          2
  1965:          3          4          3          4          3
  1970:          0          5          5          2          5
  1975:          2          1          4          1          2
  1980:          2          0          3          5          5
  1985:          1          3          4          6          3
  1990:          2          2          2          2          2
  1995:          2          5          3          3          3
  2000:          1          4          5          2          2
  2005:          3          2          2          2          3
  2010:          2          1          2          2          6
  2015:          7          0          0          0          0
  2020:          0          0          0          0          0
  2025:          0          0          0          0          0
  2030:          0          0          0          0          0
  2035:          0          0          0          0          0
  2040:          0          0          0          0          0
  2045:          0          0          0
