ACQUISITION INFORMATION

Detector ID:  1
Detector description:
LAB4D1 Easy-MCA-2k SN 18162513
Sample description:

Real Time:  299.999993
Live Time:  298.299993
Acquisition start date:  05Nov2019
Acquisition start time:  18:40:25
Starting channel number:   0
Number of channels:   2048


CALIBRATION INFORMATION

ENERGY CALIBRATION
Units:
Energy Fit:  0.000000E+000  1.000000E+000  0.000000E+000
FWHM Fit:  1.000000E+000  0.000000E+000  0.000000E+000
Efficiency Terms:  0.000000  0.000000  0.000000  0.000000  0.000000
  0.000000  0.000000  0.000000  0.000000  0.000000


SPECTRUM
     0:          0          0          0          0          0
     5:          0          0          0          0        219
    10:       3282       3122        731         74         58
    15:         65         51         47         60         53
    20:         59         52         53         58         74
    25:         67         57         67         61         77
    30:         67         78         74         96        105
    35:         96        104         89        100        111
    40:        106        104        122        121        140
    45:        120        122        128        167        189
    50:        182        159        175        172        168
    55:        163        128        119        114        105
    60:        114         94         92        102         78
    65:         92         96         76         97         99
    70:         93        100        106         94        113
    75:        114        130        103        118        101
    80:         95        104        117        117        117
    85:        128        130        115        111        146
    90:        136        128        129        133        152
    95:        143        145        143        167        151
   100:        162        167        150        187        166
   105:        183        179        162        202        181
   110:        184        155        192        169        201
   115:        191        199        202        167        188
   120:        196        209        177        194        217
   125:        194        187        183        205        201
   130:        202        210        220        223        199
   135:        227        176        190        200        194
   140:        187        168        202        204        191
   145:        179        211        193        178        209
   150:        203        194        192        198        179
   155:        170        232        164        211        212
   160:        201        205        193        195        198
   165:        201        201        198        171        214
   170:        201        171        165        161        220
   175:        203        191        206        212        161
   180:        191        183        175        186        196
   185:        178        188        186        202        198
   190:        198        191        201        206        188
   195:        185        186        199        199        164
   200:        174        178        180        187        191
   205:        193        153        163        171        168
   210:        203        170        186        208        162
   215:        201        189        181        193        177
   220:        162        172        161        181        166
   225:        138        160        166        159        170
   230:        152        178        148        155        157
   235:        162        177        167        156        159
   240:        153        170        136        160        153
   245:        159        144        149        163        150
   250:        143        148        152        148        160
   255:        147        157        153        150        149
   260:        177        169        162        157        149
   265:        174        145        130        179        175
   270:        164        174        170        159        177
   275:        155        153        178        153        158
   280:        147        159        134        148        148
   285:        155        164        171        185        159
   290:        154        185        182        166        171
   295:        140        167        136        162        139
   300:        137        156        165        139        141
   305:        155        156        148        167        144
   310:        135        129        129        147        129
   315:        140        134        137        138        138
   320:        157        134        128        137        131
   325:        117        146        126        135        145
   330:        119        112        117        129        131
   335:        138        145        139        113        122
   340:        127        138        130        119        112
   345:        118        138        107        118        105
   350:        115        119        118        129        141
   355:        118        135        131        111         98
   360:        106        110        120        107        117
   365:         85        101        102         96         94
   370:        109        111        109         96         90
   375:        105         91         95         95        104
   380:         90         90         91         99         84
   385:        107         82         95         93         91
   390:        117        111         88         88         91
   395:        107         99         85         73         83
   400:         88         96         80         85         87
   405:         71         86        115         94         83
   410:         89         86         71         74         81
   415:         79         78         82         78         67
   420:         82         58         82         71         79
   425:         76         65         66         69         89
   430:         73         75         77         71         73
   435:         84         70         66         85         68
   440:         60         73         57         73         70
   445:         92         53         71         62         81
   450:         84         75         60         60         58
   455:         62         56         65         66         71
   460:         63         46         56         62         58
   465:         56         52         61         53         53
   470:         68         62         57         40         78
   475:         58         65         56         53         66
   480:         61         63         50         58         68
   485:         52         59         62         46         59
   490:         45         65         76         60         52
   495:         49         48         63         53         63
   500:         57         44         54         61         57
   505:         47         57         50         38         53
   510:         70         57         51         55         61
   515:         44         57         48         35         49
   520:         47         49         58         41         54
   525:         43         58         49         37         51
   530:         52         38         58         57         59
   535:         49         47         44         55         46
   540:         55         45         49         50         49
   545:         48         48         45         44         50
   550:         49         45         44         37         40
   555:         41         53         44         51         39
   560:         27         46         39         35         50
   565:         43         38         46         41         42
   570:         38         41         36         49         47
   575:         41         37         40         45         48
   580:         53         45         54         34         35
   585:         48         43         51         43         37
   590:         38         37         44         47         42
   595:         45         52         37         41         34
   600:         38         51         42         42         60
   605:         44         33         31         47         38
   610:         29         42         34         35         37
   615:         42         44         38         41         38
   620:         43         44         40         43         33
   625:         44         41         40         44         38
   630:         37         39         39         39         37
   635:         34         37         40         41         41
   640:         43         39         35         27         34
   645:         32         35         41         26         36
   650:         37         35         31         29         30
   655:         31         37         32         24         30
   660:         26         25         25         24         35
   665:         20         36         22         28         29
   670:         26         22         19         22         21
   675:         21         15         14         25         23
   680:         24         18         13         22         18
   685:         20         12         17         17         18
   690:         22         21         21         13         14
   695:         17         25         19         16         13
   700:         13         21         19         14         18
   705:         18         20         12         19         24
   710:         18         17         14         11         17
   715:         17         20         20         28         14
   720:         23         15         19         18         14
   725:         14         18         15         23         18
   730:         15         17         19         11         16
   735:         23         17         12          7         17
   740:         17          9         10         19         19
   745:         13         10         10         10         16
   750:         19         19         12          8         15
   755:         12         10         21         18         10
   760:         14          8         16         16         14
   765:         11         12         14         15         14
   770:         12          9          3          8         12
   775:         19         12          8         14         12
   780:          8         14         11         11         10
   785:         21          4         13         20         13
   790:         17         15          7         10         15
   795:         11         10         14         14         11
   800:         11         17         10         16         16
   805:         16         17         13          6         18
   810:         14         11         14         18         15
   815:         16         13         11         18         11
   820:         13         12         14         11         11
   825:         15         10         14          9         10
   830:         22         15         14         14         12
   835:         18         12         15         13         20
   840:         21         12         25         15         18
   845:         19         25         18         21         17
   850:         28         23         20         19         16
   855:         23         22         22         28         21
   860:         25         29         26         32         29
   865:         41         37         31         34         43
   870:         33         34         42         38         33
   875:         46         57         36         46         60
   880:         56         52         67         71         68
   885:         71         57         88         86         79
   890:        106         91         72         90        110
   895:        124        100        105        120        111
   900:        114        118        146        116        124
   905:        129        147        127        168        137
   910:        148        170        145        191        171
   915:        160        184        171        194        182
   920:        138        173        176        183        179
   925:        179        176        165        169        165
   930:        172        162        176        190        169
   935:        170        162        150        162        181
   940:        137        173        154        138        150
   945:        160        142        144        153        121
   950:        137        128        125        106        124
   955:        111         76         85         90         92
   960:         86         82         93         76         70
   965:         56         65         68         58         59
   970:         45         49         50         42         44
   975:         38         38         20         34         30
   980:         29         32         26         19         21
   985:         19         15         14         18         16
   990:         10         13         16         12          8
   995:          9         12          5          6          7
  1000:          8         12          4          8          3
  1005:         11          6          4          8          6
  1010:          6          4          2          6          3
  1015:          5          3          2          1          3
  1020:          7          3          5         10          3
  1025:          5          7          5          4          4
  1030:          4          3          2          5          5
  1035:          6          5          5          5          5
  1040:          3          4          3          6          4
  1045:          1          2          4          3          5
  1050:          5          9          3          4          3
  1055:          4          5          5          1          8
  1060:          9          3          5          4          9
  1065:          6          5          4          0          4
  1070:          4          6          0          7          3
  1075:          0          5          5          8          6
  1080:          4          6          4          2          6
  1085:          5          2          4          5          3
  1090:          3          3          6          1          6
  1095:          2          3          3          4          3
  1100:          2          3          2          2          5
  1105:          1          3          2          4          3
  1110:          5          3         10          4          4
  1115:          5          4          0          2          1
  1120:          8          2          2          5          4
  1125:          3          1          2          4          2
  1130:          3          2          5          4          5
  1135:          4          4          6          3          3
  1140:          4          4          3          4          1
  1145:          6          2          1          4          5
  1150:          3          1          3          5          7
  1155:          1          2          3          1          3
  1160:          4          1          3          3          4
  1165:          3          2          3          1          4
  1170:          2          3          6          6          4
  1175:          1          2          2          0          4
  1180:          3          1          6          1          2
  1185:          3          0          8          6          2
  1190:          4          2          2          2          1
  1195:          4          1          6          2          2
  1200:          3          4          5          5          5
  1205:          1          2          3          1          2
  1210:          1          4          4          1          4
  1215:          5          4          7          4          1
  1220:          5          4          3          4          2
  1225:          5          2          2          7          6
  1230:          5          3          4          2          2
  1235:          4          4          2          3          2
  1240:          5          3          4          2          3
  1245:          2          7          5          4          5
  1250:          2          4          3          6          1
  1255:          1          4          4          3          4
  1260:          5          3          0          5          2
  1265:          4          3          7          4          3
  1270:          1          2          4          3          4
  1275:          2          2          4          2          3
  1280:          2          2          4          3          5
  1285:          1          4          2          4          4
  1290:          3          4          2          2          3
  1295:          2          5          4          5          5
  1300:          6          7          0          7          4
  1305:          5          0          4          2          5
  1310:          2          6          2          5          1
  1315:          4          4          4          4          2
  1320:          6          4          4          1          1
  1325:          3          3          7          3          3
  1330:          2          3          5          4          1
  1335:          2          0          4          5          3
  1340:          2          1          0          4          4
  1345:          2          7          3          3          3
  1350:          4          2          2          1          4
  1355:          4          3          0          4          3
  1360:          2          2          2          4          0
  1365:          4          3          3          1          3
  1370:          5          0          6          4          2
  1375:          0          3          1          4          1
  1380:          2          0          4          4          3
  1385:          1          4          2          1          0
  1390:          2          3          3          4          2
  1395:          3          3          4          3          3
  1400:          4          2          2          1          0
  1405:          2          2          5          2          1
  1410:          2          4          2          1          3
  1415:          2          1          3          3          4
  1420:          0          1          4          3          3
  1425:          2          0          4          1          3
  1430:          3          3          1          3          0
  1435:          0          4          3          3          0
  1440:          1          2          4          0          3
  1445:          4          2          2          1          2
  1450:          3          3          4          1          3
  1455:          4          2          2          5          1
  1460:          2          1          2          3          4
  1465:          2          3          1          3          2
  1470:          3          1          1          1          2
  1475:          3          1          2          1          2
  1480:          2          2          4          3          3
  1485:          4          1          1          3          2
  1490:          2          3          1          4          2
  1495:          1          8          1          3          1
  1500:          1          1          3          2          1
  1505:          4          4          4          3          2
  1510:          2          5          1          6          2
  1515:          0          0          2          2          3
  1520:          3          1          5          1          3
  1525:          3          8          2          5          1
  1530:          3          4          3          4          4
  1535:          1          3          4          2          4
  1540:          1          2          2          2          8
  1545:          3          4          2          4          0
  1550:          1          3          2          3          2
  1555:          4          3          2          6          0
  1560:          5          2          0          0          1
  1565:          3          1          4          3          1
  1570:          6          3          3          2          3
  1575:          1          4          1          2          3
  1580:          3          2          0          2          2
  1585:          1          0          2          7          5
  1590:          1          2          3          4          3
  1595:          2          2          1          1          1
  1600:          1          2          5          2          2
  1605:          4          2          3          5          2
  1610:          3          2          0          1          0
  1615:          2          1          3          4          1
  1620:          1          1          1          2          2
  1625:          2          3          0          3          4
  1630:          4          4          0          1          1
  1635:          3          3          4          1          2
  1640:          2          2          3          1          2
  1645:          3          2          3          1          1
  1650:          0          1          4          2          1
  1655:          1          0          3          2          3
  1660:          4          1          2          1          2
  1665:          1          1          2          0          4
  1670:          2          0          1          1          0
  1675:          2          2          0          1          1
  1680:          3          3          2          4          2
  1685:          1          1          3          2          1
  1690:          4          1          2          1          0
  1695:          0          2          1          4          1
  1700:          2          1          1          2          2
  1705:          1          0          1          1          0
  1710:          0          1          2          1          1
  1715:          2          2          1          1          0
  1720:          1          3          0          2          0
  1725:          0          3          1          1          3
  1730:          1          1          0          1          1
  1735:          2          1          2          2          0
  1740:          1          2          1          1          0
  1745:          0          5          1          2          1
  1750:          0          0          0          3          0
  1755:          4          2          1          1          2
  1760:          0          0          2          0          1
  1765:          0          0          0          1          2
  1770:          4          0          0          1          1
  1775:          1          0          2          3          1
  1780:          1          0          2          1          2
  1785:          2          0          0          0          1
  1790:          1          0          0          0          2
  1795:          0          1          1          5          1
  1800:          2          0          3          3          2
  1805:          0          2          1          2          3
  1810:          0          0          0          1          1
  1815:          0          1          0          0          0
  1820:          1          2          1          1          0
  1825:          0          0          1          1          1
  1830:          3          0          2          2          0
  1835:          1          2          0          0          3
  1840:          1          1          1          1          1
  1845:          0          3          3          2          2
  1850:          0          1          1          0          0
  1855:          1          1          1          0          3
  1860:          2          0          3          1          2
  1865:          1          6          1          1          1
  1870:          1          1          0          0          0
  1875:          1          2          0          0          0
  1880:          3          0          3          2          2
  1885:          0          1          2          0          0
  1890:          2          2          1          1          1
  1895:          1          1          1          3          0
  1900:          0          2          2          1          0
  1905:          1          1          3          5          2
  1910:          1          1          3          1          1
  1915:          2          2          1          1          2
  1920:          2          0          1          0          1
  1925:          4          3          1          4          0
  1930:          0          3          2          3          2
  1935:          2          1          2          4          1
  1940:          3          1          0          6          3
  1945:          4          3          2          4          0
  1950:          0          3          6          2          3
  1955:          2          2          4          2          3
  1960:          3          7          4          6          6
  1965:          2          3          2          3          3
  1970:          2          1          4          2          8
  1975:          6          4          6          6          1
  1980:          4          5          6          4          3
  1985:          2          2          2          2          5
  1990:          6          2          0          3          2
  1995:          0          2          8          4          4
  2000:          2          1          2          5          3
  2005:          5          3          2          6          0
  2010:          2          5          6          3          3
  2015:          1          0          0          0          0
  2020:          0          0          0          0          0
  2025:          0          0          0          0          0
  2030:          0          0          0          0          0
  2035:          0          0          0          0          0
  2040:          0          0          0          0          0
  2045:          0          0          0
