       0
       0
       0
       0
       0
       0
       0
       0
       0
     265
    4260
    3852
     894
     104
      59
      80
      88
      75
      64
      62
      57
      72
      60
      68
      64
      67
      77
     101
      74
      90
      98
      99
     104
     121
     116
     130
     146
     159
     161
     158
     168
     164
     167
     193
     160
     197
     230
     216
     253
     233
     283
     258
     275
     266
     229
     205
     206
     180
     170
     141
     145
     159
     122
     138
     121
      98
     105
     119
     131
     111
     111
     114
     110
     114
     110
     124
     117
     130
     132
     132
     116
     128
     141
     149
     135
     142
     127
     152
     165
     167
     151
     159
     161
     172
     176
     182
     194
     175
     194
     187
     175
     189
     207
     221
     188
     228
     209
     183
     211
     214
     183
     239
     213
     214
     204
     196
     250
     216
     245
     219
     221
     235
     230
     221
     208
     209
     216
     244
     208
     228
     230
     229
     261
     225
     236
     245
     236
     227
     218
     220
     233
     245
     211
     231
     242
     218
     220
     268
     224
     222
     251
     211
     220
     231
     217
     217
     230
     251
     206
     226
     251
     249
     212
     220
     222
     233
     238
     216
     227
     212
     246
     236
     206
     195
     211
     213
     226
     236
     219
     232
     226
     253
     242
     221
     221
     206
     220
     239
     224
     217
     242
     229
     224
     234
     220
     229
     248
     224
     265
     223
     214
     216
     224
     244
     223
     214
     204
     214
     200
     198
     202
     221
     194
     182
     238
     199
     197
     208
     199
     208
     204
     178
     215
     204
     198
     177
     196
     192
     195
     188
     208
     212
     191
     208
     205
     226
     207
     182
     171
     186
     200
     207
     201
     209
     189
     170
     196
     196
     181
     193
     171
     192
     172
     200
     180
     179
     210
     213
     191
     199
     188
     222
     209
     197
     212
     193
     207
     213
     202
     210
     225
     214
     205
     227
     231
     239
     211
     199
     214
     210
     225
     224
     221
     235
     252
     204
     179
     214
     206
     208
     226
     196
     217
     215
     241
     220
     189
     212
     202
     205
     196
     191
     202
     203
     194
     184
     193
     197
     179
     198
     187
     162
     173
     209
     201
     174
     188
     164
     155
     203
     181
     165
     202
     161
     145
     182
     165
     194
     172
     152
     170
     190
     175
     154
     189
     177
     157
     179
     174
     139
     183
     171
     155
     162
     178
     148
     158
     153
     167
     157
     163
     143
     146
     136
     154
     147
     162
     140
     138
     119
     141
     153
     150
     157
     140
     130
     138
     134
     122
     130
     146
     120
     162
     132
     140
     120
     138
     118
     143
     124
     123
     119
     132
     122
     110
     113
     118
     117
     108
     123
     113
     115
     129
     110
     104
     112
     115
     124
     117
     114
     119
     104
     127
      96
      96
      97
     117
     127
     114
     114
     108
     117
     106
     104
      93
     107
     106
     106
     102
     113
     100
      96
      90
     116
      86
     122
     104
     106
      91
      89
     118
     102
     105
      87
      88
      86
      96
      88
      78
      87
     107
      77
      79
     106
      93
      87
      97
      79
      93
      84
      85
     101
      93
      82
      87
      81
      92
      92
      90
      87
      81
      86
      84
      93
      82
      71
      84
     101
      84
      81
      86
      88
      82
      78
      93
      96
      81
      88
      87
      86
      60
     101
      81
      86
      83
      77
      90
      83
      75
      96
      69
      74
      82
      77
      63
      92
      86
      81
      83
      84
      67
      61
      77
      63
      67
      74
      67
      72
      58
      73
      98
      76
      75
      76
      64
      60
      61
      62
      80
      62
      71
      88
      66
      71
      65
      61
      68
      68
      65
      85
      66
      69
      80
      65
      61
      76
      71
      71
      76
      59
      61
      54
      62
      63
      65
      67
      86
      59
      70
      64
      69
      71
      53
      74
      67
      72
      59
      76
      65
      71
      75
      80
      75
      60
      61
      77
      54
      56
      61
      57
      52
      55
      63
      71
      62
      43
      72
      58
      69
      64
      58
      72
      74
      73
      63
      49
      65
      72
      66
      59
      72
      77
      52
      58
      71
      65
      62
      75
      48
      71
      50
      45
      55
      81
      56
      61
      54
      60
      60
      57
      65
      61
      61
      56
      43
      62
      68
      53
      57
      60
      52
      61
      52
      57
      59
      50
      53
      56
      61
      57
      52
      51
      61
      59
      64
      45
      56
      56
      66
      55
      64
      54
      50
      42
      55
      49
      42
      45
      45
      40
      46
      39
      34
      32
      47
      26
      37
      45
      47
      43
      37
      51
      36
      36
      33
      32
      34
      34
      24
      28
      48
      42
      27
      34
      47
      26
      29
      30
      30
      22
      24
      46
      37
      25
      18
      35
      28
      20
      27
      23
      34
      37
      25
      34
      25
      34
      35
      30
      23
      31
      30
      18
      18
      29
      18
      17
      22
      24
      26
      27
      27
      16
      25
      22
      23
      16
      29
      20
      21
      18
      27
      21
      30
      25
      19
      12
      17
      24
      30
      15
      22
      21
      19
      26
      18
      18
      20
      11
      14
      23
      19
      15
      22
      22
      26
      15
      25
      15
      18
      15
      18
      19
      12
      15
      25
      13
      21
      19
      17
      15
       9
      14
      17
      17
      11
      21
      24
      24
      17
      15
      13
      15
      11
      10
       9
      16
      18
      16
       7
       6
      14
      12
      15
      15
      16
      15
      15
      11
      21
      15
      13
      21
      16
      10
      18
       4
      14
      20
      13
      19
      11
       9
      16
      14
      16
      23
      19
      18
      17
      14
      17
      18
      15
      14
      16
      11
      15
      23
      14
      15
      13
      19
      19
      23
      20
      22
      22
       9
      22
      16
      18
      14
      19
      16
      26
      17
      15
      20
      20
      23
      23
      20
      21
      21
      31
      21
      27
      18
      19
      26
      22
      38
      20
      24
      29
      25
      27
      26
      33
      46
      36
      37
      37
      36
      46
      42
      43
      37
      62
      58
      47
      63
      56
      63
      70
      67
      69
      82
      73
      95
      88
     103
     108
     100
     101
     107
     105
     124
     132
     141
     140
     148
     153
     149
     168
     182
     170
     171
     199
     178
     198
     182
     215
     223
     210
     195
     232
     243
     227
     210
     241
     249
     253
     273
     261
     275
     263
     293
     262
     279
     262
     302
     275
     291
     278
     284
     307
     306
     280
     318
     304
     286
     271
     297
     265
     258
     292
     259
     274
     293
     274
     270
     227
     246
     232
     229
     214
     192
     199
     178
     204
     208
     194
     181
     174
     179
     152
     146
     164
     142
     145
     124
     129
     111
     115
      88
     102
     100
      95
      68
      86
      64
      84
      50
      65
      53
      45
      42
      55
      54
      46
      45
      38
      27
      32
      26
      23
      19
      21
      22
      26
      14
      18
      14
      16
      13
      12
       5
       4
      12
      12
      12
       5
       9
      14
      10
       2
       6
       8
       9
       7
       4
       9
       7
       6
       7
       4
       6
       6
       7
       5
       6
       6
       4
       7
       6
      10
       2
       5
       7
       3
       4
       4
       1
       4
       6
       5
       1
       7
       5
       4
       6
       5
       2
       6
       8
       6
       3
       3
       2
       4
       7
       3
       1
       3
       4
       2
       4
       2
       1
       3
       6
       6
       3
       6
       6
       4
       7
       3
       5
       3
       3
       3
       1
       5
       7
       2
       4
       6
       6
       7
       4
       2
       5
       3
       2
       2
       5
       2
       4
       3
       5
       1
       5
       5
       7
       4
       4
       5
       2
       2
       7
       3
       3
       6
       6
       1
       2
       4
       6
       3
       4
       2
       2
       5
       5
       7
       3
       4
       3
       6
       4
       4
       3
       3
       5
       4
       2
       3
       3
       3
       2
       3
       2
       5
       2
       2
       7
       7
       6
       1
       1
       5
       1
       4
       3
       1
       3
       4
       4
       4
       7
       1
       7
       5
       7
       2
       4
       5
       6
       1
       6
       0
       6
       1
       4
       2
       3
       4
       4
       3
       6
       3
       2
       5
       0
       3
       3
       2
       2
       3
       0
       2
       4
       1
       6
       2
       3
       4
       3
       6
       3
       6
       1
       1
       1
       2
       1
       2
       2
       3
       7
       4
       4
       8
       3
       2
       4
       8
       1
       3
       3
       2
       1
       3
       4
       2
       1
       8
       4
       2
       6
       4
       2
       5
       4
       5
       3
       4
       2
       5
       4
       5
       2
       2
       6
       4
       2
       1
       1
       2
       3
       4
       3
       6
       4
       4
       2
       3
       3
       4
       2
       5
       5
       2
       8
       2
       2
       2
       4
       2
       3
       3
       3
       2
       9
       2
       5
       2
       4
       5
       6
       2
       6
       2
       4
       2
       3
       2
       2
       2
       4
       6
       5
       2
       2
       1
       4
       1
       2
       3
       1
       5
       1
       1
       6
       3
       7
       2
       3
       1
       0
       6
       4
       3
       2
       5
       3
       3
       0
       6
       6
       3
       3
       3
       3
       4
       5
       3
       1
       2
       2
       3
       2
       6
       4
       3
       4
       1
       2
       2
       4
       3
       2
       3
       2
       2
       1
       1
       1
       5
       2
       0
       3
       3
       3
       4
       0
       1
       9
       5
       1
       3
       3
       4
       7
       2
       2
       7
       5
       1
       1
       1
       1
       2
       1
       1
       7
       1
       3
       0
       3
       3
       3
       7
       2
       4
       2
       3
       6
       0
       1
       1
       6
       1
       1
       4
       7
       1
       3
       3
       4
       3
       1
       4
       2
       4
       1
       0
       3
       2
       0
       0
       3
       4
       2
       3
       3
       3
       1
       2
       3
       1
       5
       1
       3
       1
       0
       3
       4
       2
       3
       5
       2
       4
       1
       2
       3
       1
       4
       2
       5
       1
       0
       1
       0
       3
       5
       2
       0
       0
       2
       2
       2
       0
       2
       4
       2
       3
       1
       2
       3
       2
       3
       4
       1
       1
       1
       2
       2
       2
       3
       1
       2
       4
       1
       2
       0
       4
       0
       1
       2
       2
       2
       7
       2
       1
       3
       2
       8
       0
       4
       3
       4
       0
       2
       3
       1
       0
       3
       2
       3
       0
       4
       3
       4
       4
       2
       1
       2
       1
       2
       2
       3
       2
       1
       2
       1
       5
       2
       3
       4
       0
       0
       4
       6
       2
       2
       1
       2
       4
       3
       1
       3
       2
       1
       2
       1
       4
       1
       2
       3
       4
       3
       3
       4
       4
       3
       8
       5
       2
       2
       4
       4
       2
       4
       1
       3
       4
       2
       1
       5
       3
       3
       3
       3
       2
       2
       4
       2
       6
       1
       3
       1
       1
       2
       4
       7
       2
       1
       7
       3
       1
       0
       0
       4
       2
       1
       4
       5
       5
       4
       5
       3
       2
       6
       4
       1
       2
       5
       3
       3
       2
       2
       2
       3
       1
       1
       5
       1
       5
       1
       3
       3
       5
       1
       3
       0
       3
       2
       5
       3
       0
       5
       2
       0
       2
       0
       1
       3
       0
       2
       2
       5
       4
       4
       1
       2
       5
       4
       1
       4
       1
       0
       2
       6
       2
       3
       3
       1
       3
       2
       4
       4
       6
       0
       0
       4
       1
       3
       2
       1
       1
       1
       3
       0
       2
       2
       3
       2
       3
       3
       0
       1
       5
       1
       2
       1
       0
       0
       3
       4
       2
       2
       2
       2
       1
       3
       3
       3
       2
       1
       3
       1
       2
       0
       1
       1
       2
       1
       0
       3
       1
       2
       3
       0
       2
       2
       1
       2
       4
       5
       2
       1
       2
       1
       0
       0
       1
       2
       2
       1
       0
       2
       2
       5
       3
       0
       4
       2
       1
       1
       1
       2
       1
       0
       1
       1
       1
       1
       1
       0
       3
       5
       1
       0
       1
       0
       0
       0
       2
       0
       1
       1
       1
       1
       4
       2
       2
       0
       2
       1
       0
       1
       2
       2
       0
       0
       4
       0
       0
       1
       0
       1
       1
       0
       0
       2
       2
       1
       1
       1
       1
       0
       1
       0
       2
       3
       1
       2
       1
       4
       0
       3
       0
       0
       0
       1
       2
       2
       0
       1
       3
       2
       0
       1
       2
       1
       1
       1
       1
       0
       0
       5
       0
       2
       0
       1
       1
       1
       0
       0
       0
       2
       1
       0
       1
       0
       2
       1
       1
       0
       1
       0
       1
       0
       1
       0
       0
       3
       0
       0
       1
       2
       1
       0
       0
       1
       0
       0
       2
       1
       0
       0
       0
       2
       0
       0
       1
       1
       0
       0
       0
       1
       3
       2
       2
       2
       2
       1
       1
       0
       1
       1
       4
       0
       3
       0
       1
       1
       4
       1
       1
       1
       0
       2
       2
       1
       1
       2
       0
       3
       1
       2
       1
       0
       1
       0
       2
       0
       0
       1
       0
       2
       2
       1
       1
       0
       2
       1
       1
       1
       1
       1
       3
       2
       0
       6
       5
       1
       0
       0
       2
       3
       1
       3
       1
       5
       3
       3
       4
       1
       0
       2
       1
       3
       1
       3
       2
       4
       1
       1
       0
       3
       1
       2
       1
       2
       4
       3
       5
       2
       1
       2
       2
       1
       0
       2
       5
       2
       2
       0
       5
       2
       5
       3
       3
       1
       5
       2
       7
       6
       6
       3
       2
       2
       5
       4
       2
       2
       3
       1
       3
       6
       4
       3
       7
       0
       2
       3
       2
       8
       5
       4
       7
       2
       5
       3
       3
       2
       1
       6
       4
       1
       3
       5
       8
       5
       4
       4
       2
       6
       7
       5
       6
       1
       9
       1
       4
       3
       2
       4
       4
       4
       2
       6
       0
       0
       0
       0
       0
       0
       0
       0
       0
       0
       0
       0
       0
       0
       0
       0
       0
       0
       0
       0
       0
       0
       0
       0
       0
       0
       0
       0
       0
       0
       0
       0
