ACQUISITION INFORMATION

Detector ID:  1
Detector description:
LAB4D1 Easy-MCA-2k SN 18162513
Sample description:

Real Time:  299.999993
Live Time:  298.719993
Acquisition start date:  05Nov2019
Acquisition start time:  18:21:12
Starting channel number:   0
Number of channels:   2048


CALIBRATION INFORMATION

ENERGY CALIBRATION
Units:
Energy Fit:  0.000000E+000  1.000000E+000  0.000000E+000
FWHM Fit:  1.000000E+000  0.000000E+000  0.000000E+000
Efficiency Terms:  0.000000  0.000000  0.000000  0.000000  0.000000
  0.000000  0.000000  0.000000  0.000000  0.000000


SPECTRUM
     0:          0          0          0          0          0
     5:          0          0          0          0        121
    10:       2523       2508        612         51         32
    15:         46         34         42         39         38
    20:         25         40         33         31         35
    25:         28         38         45         33         30
    30:         40         50         44         48         55
    35:         56         63         44         56         66
    40:         52         56         65         55         83
    45:         84         82         87         87         91
    50:         88         83         87         82         98
    55:         75         63         73         51         73
    60:         82         61         71         68         59
    65:         65         70         62         73         66
    70:         71         87         71         64         71
    75:         84         86         69         79         86
    80:         93         92        107        101        115
    85:         87         97        109        115        131
    90:        137         98        109        106        125
    95:        144        127        123        137        128
   100:        135        137        141        134        128
   105:        134        143        149        161        130
   110:        163        164        155        156        163
   115:        177        160        131        149        145
   120:        169        170        170        171        175
   125:        169        134        155        158        130
   130:        166        168        171        160        167
   135:        169        163        168        149        166
   140:        147        133        168        163        165
   145:        148        156        156        165        174
   150:        157        137        172        153        161
   155:        142        150        166        145        176
   160:        160        160        150        147        142
   165:        137        185        165        174        146
   170:        140        153        177        131        136
   175:        127        168        150        170        156
   180:        160        164        136        146        162
   185:        161        161        149        157        124
   190:        133        161        140        129        150
   195:        128        154        142        163        152
   200:        143        124        116        131        136
   205:        143        124        130        141        142
   210:        140        149        122        131        137
   215:        128        117        124        117        124
   220:        131        112        140        147        126
   225:        137        112        118        108        126
   230:         98         95        114        101        120
   235:         93         98        115        109        116
   240:        107        106         90        107        136
   245:        126        116        122        125        113
   250:        107        111        108        103        112
   255:         94        101        117        124        114
   260:        131        104         98        107        109
   265:        120        104         96        104        107
   270:        111        118        115        111        110
   275:        116         98        102        109        112
   280:         93        101        115        111        103
   285:         85        100        118         96        104
   290:        101         99         92         99        108
   295:         78         93        104         98        111
   300:         86         85         89        103         77
   305:         85         91         93        105         88
   310:         90         68         92         76         81
   315:         95         77         89         86         73
   320:         93         96         79         74         77
   325:         85         75         92         77         76
   330:         78         81         86         88         76
   335:         60         79         73         75         70
   340:         83         96         74         64         78
   345:         77         76         73         62         77
   350:         75         66         52         87         75
   355:         60         81         56         68         74
   360:         76         58         64         66         44
   365:         60         53         59         52         55
   370:         68         66         61         60         56
   375:         56         59         57         67         66
   380:         61         68         56         60         52
   385:         58         57         63         63         54
   390:         57         51         59         54         44
   395:         52         60         45         58         49
   400:         52         50         60         55         50
   405:         54         49         52         54         54
   410:         51         48         46         49         59
   415:         45         51         47         45         35
   420:         60         48         58         32         60
   425:         52         41         49         50         49
   430:         43         38         42         43         43
   435:         47         41         43         50         39
   440:         51         44         50         46         49
   445:         34         38         34         41         34
   450:         36         44         38         31         32
   455:         31         34         46         25         44
   460:         54         44         43         39         45
   465:         41         36         49         39         23
   470:         42         40         45         27         48
   475:         37         38         29         39         38
   480:         46         49         37         57         27
   485:         48         27         39         38         31
   490:         35         40         31         31         39
   495:         34         41         38         34         42
   500:         47         30         29         18         32
   505:         33         35         36         30         32
   510:         33         31         32         31         24
   515:         33         36         24         28         35
   520:         29         40         32         30         30
   525:         39         30         23         38         41
   530:         37         32         27         35         30
   535:         20         32         26         33         40
   540:         25         31         33         27         26
   545:         30         28         37         18         27
   550:         18         16         23         30         18
   555:         21         22         29         31         37
   560:         27         22         23         27         23
   565:         30         20         28         30         26
   570:         31         15         22         27         28
   575:         24         33         25         20         25
   580:         23         38         29         18         30
   585:         22         18         22         18         16
   590:         21         23         24         25         28
   595:         18         15         20         20         15
   600:         33         17         18         20         29
   605:         23         20         14         21         12
   610:         18         21         14         24         25
   615:         19         24         23         20         23
   620:         15         17         21         22         18
   625:         18         21         13         24         23
   630:         15         28         15         16         26
   635:          5         21         26         23         31
   640:         26         14         14         20         21
   645:         12         20         15         22         20
   650:         15         21         19         20         23
   655:         24         13         13         18         14
   660:         14         15         15         15         20
   665:         11         15         16         15         13
   670:         13         12         19         18         12
   675:         13         13          9         15         22
   680:         10         13          6         11          9
   685:         11         10         13         14         15
   690:         17         14          9          7         13
   695:         14         16         28         16         12
   700:         10         13         13         11          9
   705:          7         12          9         11         11
   710:         13          7          8          7         13
   715:         10         12          7         12         12
   720:         13          8          6         12          9
   725:         18         13         17          6         10
   730:         10          8          9          9         12
   735:          9          8         17         11         15
   740:         17         12          7         12          9
   745:          9         14         11          6          5
   750:          3         10          8          9          5
   755:          7         15         10          6          7
   760:         11          7          7          9         14
   765:         11          7          8          8         10
   770:          8         13         11          7         14
   775:          3          7         11          7          7
   780:         10         10          7         11          9
   785:          9          9          6          6          5
   790:         15          7          8         15         12
   795:         15          8         15          5          9
   800:         13          9          7          7          8
   805:         10          5         15          9         12
   810:          8          7          6         11         17
   815:         14         10          7         15         11
   820:         10          8          8         11          9
   825:          3         15          9          9          8
   830:          7          8         12         12          6
   835:          8         10          8          9          9
   840:         11          9          7          8         15
   845:         19          9          9         11          9
   850:         11         13         17         11         15
   855:         10         14         12         15         10
   860:         10         17         12         15         22
   865:         16         16         11         14         18
   870:         16         20         19         17         27
   875:         21         29         30         19         25
   880:         26         19         20         34         20
   885:         25         21         28         30         34
   890:         39         42         39         38         36
   895:         51         27         36         51         49
   900:         47         32         50         48         49
   905:         57         51         56         71         66
   910:         56         65         58         52         74
   915:         64         84         60         62         53
   920:         57         62         57         60         63
   925:         66         66         68         66         72
   930:         61         66         56         69         58
   935:         51         66         76         76         59
   940:         66         54         61         41         53
   945:         53         48         50         45         43
   950:         41         34         40         40         34
   955:         38         29         33         27         32
   960:         38         35         30         27         36
   965:         16         19         18         20         23
   970:         13         12         23         21          3
   975:         11         11         15         17         16
   980:         10         15          9         12         12
   985:          9          9          4         10          5
   990:          7          8          5          7          6
   995:          9          6         10         11          7
  1000:          4          2          1          5          6
  1005:          6          4          4          9          3
  1010:          4          5          6          6          5
  1015:          5          1          5          8          2
  1020:          4          3          2         11          5
  1025:          8          1          3          1          2
  1030:          4          2          4          7          3
  1035:          2          6          5          3          1
  1040:          3          2          5          3          4
  1045:          7          4          5          2          4
  1050:          5          2          5          5          2
  1055:          4          2          3          1          7
  1060:          3          7          1          3          5
  1065:          4          5          4          6          5
  1070:          5          3          1          2          2
  1075:          2          6          9          2          2
  1080:          2          4          3          2          3
  1085:          4          1          4          1          1
  1090:          7          7          5          3          4
  1095:          1          6          4          6          5
  1100:          3          4          1          6          5
  1105:          2          3          2          5          3
  1110:          4          3          6          3          0
  1115:          0          3          2          7          3
  1120:          3          3          6          4          4
  1125:          6          3          7          2          6
  1130:          5          2          5          1          5
  1135:          5          2          2          4          4
  1140:          4          6          4          3          4
  1145:          6          2          3          4          3
  1150:          3          4          4          2          5
  1155:          5          3          2          2          4
  1160:          2          2          1          5          1
  1165:          3          1          3          0          4
  1170:          1          6          4          2          1
  1175:          4          0          6          5          2
  1180:          3          6          5          4          6
  1185:          3          3          2          6          0
  1190:          3          3          1          5          4
  1195:          3          2          2          3          5
  1200:          4          0          2          4          3
  1205:          4          5          4          3          3
  1210:          5          2          6          6          3
  1215:          5          6          4          7          5
  1220:          3          4          1          2          2
  1225:          2          2          4          4          3
  1230:          0          6          6          1          4
  1235:          3          4          6          2          3
  1240:          4          4          2         10          5
  1245:          3          6          7          5          5
  1250:          0          4          3          4          2
  1255:          2          0          3          5          3
  1260:          2          0          0          2          5
  1265:          3          2          3          2          0
  1270:          2          5          1          2          4
  1275:          5          6          3          3          0
  1280:          2          2          4          1          5
  1285:          2          0          1          4          7
  1290:          4          2          5          7          8
  1295:          2          3          7          3          2
  1300:          7          6          2          1          4
  1305:          6          4          4          4          7
  1310:          3          2          2          2          5
  1315:          4          4          2          4          1
  1320:          4          7          5          4          4
  1325:          2          3          4          4          4
  1330:          4          2          4          1          2
  1335:          2          2          5          2          4
  1340:          4          1          4          5          4
  1345:          3          3          4          2          3
  1350:          2          4          3          5          5
  1355:          3          1          8          3          5
  1360:          2          1          4          1          5
  1365:          1          3          3          1          3
  1370:          3          3          3          1          4
  1375:          1          1          5          4          1
  1380:          0          2          7          2          2
  1385:          0          2          2          5          1
  1390:          3          2          1          0          3
  1395:          3          2          5          4          4
  1400:          3          1          2          3          2
  1405:          1          0          1          2          1
  1410:          2          2          5          1          5
  1415:          0          2          2          1          0
  1420:          1          5          4          2          3
  1425:          2          2          5          2          6
  1430:          2          1          1          3          1
  1435:          1          1          2          0          1
  1440:          3          3          3          1          5
  1445:          5          2          3          1          1
  1450:          1          2          3          1          2
  1455:          2          4          2          1          4
  1460:          0          1          0          2          3
  1465:          5          1          4          3          2
  1470:          2          2          4          1          1
  1475:          6          1          0          3          2
  1480:          3          1          2          1          0
  1485:          1          4          1          4          0
  1490:          2          0          1          4          3
  1495:          2          0          3          6          3
  1500:          5          1          4          4          1
  1505:          3          1          2          4          1
  1510:          1          2          3          3          2
  1515:          2          5          3          6          6
  1520:          1          2          4          2          1
  1525:          2          5          2          5          4
  1530:          4          1          4          3          6
  1535:          5          3          1          2          3
  1540:          1          8          1          2          3
  1545:          4          2          5          2          5
  1550:          3          0          5          2          3
  1555:          0          4          5          2          2
  1560:          0          4          3          3          3
  1565:          0          3          1          1          4
  1570:          4          2          5          3          2
  1575:          4          1          1          1          0
  1580:          3          1          2          1          2
  1585:          0          3          3          1          2
  1590:          5          1          0          1          3
  1595:          1          3          2          4          1
  1600:          3          1          6          0          3
  1605:          2          0          2          2          2
  1610:          2          3          0          1          3
  1615:          3          2          2          2          4
  1620:          4          1          2          0          0
  1625:          2          7          2          0          1
  1630:          0          3          2          0          2
  1635:          2          1          4          2          4
  1640:          3          5          1          6          1
  1645:          2          2          1          3          0
  1650:          2          2          2          5          2
  1655:          2          1          3          0          3
  1660:          2          3          1          2          2
  1665:          2          1          3          3          3
  1670:          3          1          2          1          1
  1675:          1          3          0          2          1
  1680:          2          1          2          4          1
  1685:          0          1          2          1          3
  1690:          1          0          1          2          4
  1695:          1          2          1          2          1
  1700:          0          1          2          1          3
  1705:          2          0          1          0          0
  1710:          1          1          0          1          1
  1715:          2          3          2          1          0
  1720:          3          0          0          1          0
  1725:          2          1          1          0          2
  1730:          3          4          0          0          0
  1735:          2          0          2          0          2
  1740:          0          1          1          0          1
  1745:          2          1          1          0          5
  1750:          2          1          1          2          1
  1755:          2          0          1          0          0
  1760:          2          1          1          2          1
  1765:          0          1          1          0          1
  1770:          1          2          2          2          1
  1775:          1          1          4          1          1
  1780:          0          0          0          2          1
  1785:          0          1          1          0          2
  1790:          3          2          0          1          1
  1795:          1          0          0          1          3
  1800:          0          1          0          1          0
  1805:          1          1          1          1          1
  1810:          2          0          0          2          0
  1815:          0          0          1          3          3
  1820:          0          2          2          2          0
  1825:          1          0          1          0          2
  1830:          0          2          1          2          1
  1835:          2          2          0          2          1
  1840:          2          1          2          1          0
  1845:          0          1          0          0          3
  1850:          0          3          0          1          1
  1855:          0          0          1          2          1
  1860:          1          0          1          0          1
  1865:          0          0          3          2          3
  1870:          0          1          2          2          2
  1875:          1          2          0          2          1
  1880:          2          1          2          2          0
  1885:          2          0          1          2          0
  1890:          2          1          1          3          1
  1895:          2          1          2          0          1
  1900:          3          1          0          1          3
  1905:          1          2          2          2          4
  1910:          0          1          5          0          1
  1915:          2          1          3          1          0
  1920:          1          2          1          0          1
  1925:          4          0          3          1          4
  1930:          1          0          3          0          1
  1935:          3          4          2          3          3
  1940:          2          3          4          2          2
  1945:          2          4          5          1          4
  1950:          1          3          4          3          2
  1955:          6          4          0          5          2
  1960:          3          2          4          3          3
  1965:          6          4          2          2          6
  1970:          2          1          2          6          4
  1975:          4          4          3          4          4
  1980:          3          3          3          6          3
  1985:          4          1          2          6          5
  1990:          3          2          5          3          4
  1995:          4          5          3          5          1
  2000:          5          3          6          9          6
  2005:          1          3          4          3          6
  2010:          2          1          3          8          1
  2015:          1          0          0          0          0
  2020:          0          0          0          0          0
  2025:          0          0          0          0          0
  2030:          0          0          0          0          0
  2035:          0          0          0          0          0
  2040:          0          0          0          0          0
  2045:          0          0          0
