ACQUISITION INFORMATION

Detector ID:  1
Detector description:
LAB4D1 Easy-MCA-2k SN 18162513
Sample description:

Real Time:  299.999993
Live Time:  297.859993
Acquisition start date:  05Nov2019
Acquisition start time:  18:47:05
Starting channel number:   0
Number of channels:   2048


CALIBRATION INFORMATION

ENERGY CALIBRATION
Units:
Energy Fit:  0.000000E+000  1.000000E+000  0.000000E+000
FWHM Fit:  1.000000E+000  0.000000E+000  0.000000E+000
Efficiency Terms:  0.000000  0.000000  0.000000  0.000000  0.000000
  0.000000  0.000000  0.000000  0.000000  0.000000


SPECTRUM
     0:          0          0          0          0          0
     5:          0          0          0          0        265
    10:       4260       3852        894        104         59
    15:         80         88         75         64         62
    20:         57         72         60         68         64
    25:         67         77        101         74         90
    30:         98         99        104        121        116
    35:        130        146        159        161        158
    40:        168        164        167        193        160
    45:        197        230        216        253        233
    50:        283        258        275        266        229
    55:        205        206        180        170        141
    60:        145        159        122        138        121
    65:         98        105        119        131        111
    70:        111        114        110        114        110
    75:        124        117        130        132        132
    80:        116        128        141        149        135
    85:        142        127        152        165        167
    90:        151        159        161        172        176
    95:        182        194        175        194        187
   100:        175        189        207        221        188
   105:        228        209        183        211        214
   110:        183        239        213        214        204
   115:        196        250        216        245        219
   120:        221        235        230        221        208
   125:        209        216        244        208        228
   130:        230        229        261        225        236
   135:        245        236        227        218        220
   140:        233        245        211        231        242
   145:        218        220        268        224        222
   150:        251        211        220        231        217
   155:        217        230        251        206        226
   160:        251        249        212        220        222
   165:        233        238        216        227        212
   170:        246        236        206        195        211
   175:        213        226        236        219        232
   180:        226        253        242        221        221
   185:        206        220        239        224        217
   190:        242        229        224        234        220
   195:        229        248        224        265        223
   200:        214        216        224        244        223
   205:        214        204        214        200        198
   210:        202        221        194        182        238
   215:        199        197        208        199        208
   220:        204        178        215        204        198
   225:        177        196        192        195        188
   230:        208        212        191        208        205
   235:        226        207        182        171        186
   240:        200        207        201        209        189
   245:        170        196        196        181        193
   250:        171        192        172        200        180
   255:        179        210        213        191        199
   260:        188        222        209        197        212
   265:        193        207        213        202        210
   270:        225        214        205        227        231
   275:        239        211        199        214        210
   280:        225        224        221        235        252
   285:        204        179        214        206        208
   290:        226        196        217        215        241
   295:        220        189        212        202        205
   300:        196        191        202        203        194
   305:        184        193        197        179        198
   310:        187        162        173        209        201
   315:        174        188        164        155        203
   320:        181        165        202        161        145
   325:        182        165        194        172        152
   330:        170        190        175        154        189
   335:        177        157        179        174        139
   340:        183        171        155        162        178
   345:        148        158        153        167        157
   350:        163        143        146        136        154
   355:        147        162        140        138        119
   360:        141        153        150        157        140
   365:        130        138        134        122        130
   370:        146        120        162        132        140
   375:        120        138        118        143        124
   380:        123        119        132        122        110
   385:        113        118        117        108        123
   390:        113        115        129        110        104
   395:        112        115        124        117        114
   400:        119        104        127         96         96
   405:         97        117        127        114        114
   410:        108        117        106        104         93
   415:        107        106        106        102        113
   420:        100         96         90        116         86
   425:        122        104        106         91         89
   430:        118        102        105         87         88
   435:         86         96         88         78         87
   440:        107         77         79        106         93
   445:         87         97         79         93         84
   450:         85        101         93         82         87
   455:         81         92         92         90         87
   460:         81         86         84         93         82
   465:         71         84        101         84         81
   470:         86         88         82         78         93
   475:         96         81         88         87         86
   480:         60        101         81         86         83
   485:         77         90         83         75         96
   490:         69         74         82         77         63
   495:         92         86         81         83         84
   500:         67         61         77         63         67
   505:         74         67         72         58         73
   510:         98         76         75         76         64
   515:         60         61         62         80         62
   520:         71         88         66         71         65
   525:         61         68         68         65         85
   530:         66         69         80         65         61
   535:         76         71         71         76         59
   540:         61         54         62         63         65
   545:         67         86         59         70         64
   550:         69         71         53         74         67
   555:         72         59         76         65         71
   560:         75         80         75         60         61
   565:         77         54         56         61         57
   570:         52         55         63         71         62
   575:         43         72         58         69         64
   580:         58         72         74         73         63
   585:         49         65         72         66         59
   590:         72         77         52         58         71
   595:         65         62         75         48         71
   600:         50         45         55         81         56
   605:         61         54         60         60         57
   610:         65         61         61         56         43
   615:         62         68         53         57         60
   620:         52         61         52         57         59
   625:         50         53         56         61         57
   630:         52         51         61         59         64
   635:         45         56         56         66         55
   640:         64         54         50         42         55
   645:         49         42         45         45         40
   650:         46         39         34         32         47
   655:         26         37         45         47         43
   660:         37         51         36         36         33
   665:         32         34         34         24         28
   670:         48         42         27         34         47
   675:         26         29         30         30         22
   680:         24         46         37         25         18
   685:         35         28         20         27         23
   690:         34         37         25         34         25
   695:         34         35         30         23         31
   700:         30         18         18         29         18
   705:         17         22         24         26         27
   710:         27         16         25         22         23
   715:         16         29         20         21         18
   720:         27         21         30         25         19
   725:         12         17         24         30         15
   730:         22         21         19         26         18
   735:         18         20         11         14         23
   740:         19         15         22         22         26
   745:         15         25         15         18         15
   750:         18         19         12         15         25
   755:         13         21         19         17         15
   760:          9         14         17         17         11
   765:         21         24         24         17         15
   770:         13         15         11         10          9
   775:         16         18         16          7          6
   780:         14         12         15         15         16
   785:         15         15         11         21         15
   790:         13         21         16         10         18
   795:          4         14         20         13         19
   800:         11          9         16         14         16
   805:         23         19         18         17         14
   810:         17         18         15         14         16
   815:         11         15         23         14         15
   820:         13         19         19         23         20
   825:         22         22          9         22         16
   830:         18         14         19         16         26
   835:         17         15         20         20         23
   840:         23         20         21         21         31
   845:         21         27         18         19         26
   850:         22         38         20         24         29
   855:         25         27         26         33         46
   860:         36         37         37         36         46
   865:         42         43         37         62         58
   870:         47         63         56         63         70
   875:         67         69         82         73         95
   880:         88        103        108        100        101
   885:        107        105        124        132        141
   890:        140        148        153        149        168
   895:        182        170        171        199        178
   900:        198        182        215        223        210
   905:        195        232        243        227        210
   910:        241        249        253        273        261
   915:        275        263        293        262        279
   920:        262        302        275        291        278
   925:        284        307        306        280        318
   930:        304        286        271        297        265
   935:        258        292        259        274        293
   940:        274        270        227        246        232
   945:        229        214        192        199        178
   950:        204        208        194        181        174
   955:        179        152        146        164        142
   960:        145        124        129        111        115
   965:         88        102        100         95         68
   970:         86         64         84         50         65
   975:         53         45         42         55         54
   980:         46         45         38         27         32
   985:         26         23         19         21         22
   990:         26         14         18         14         16
   995:         13         12          5          4         12
  1000:         12         12          5          9         14
  1005:         10          2          6          8          9
  1010:          7          4          9          7          6
  1015:          7          4          6          6          7
  1020:          5          6          6          4          7
  1025:          6         10          2          5          7
  1030:          3          4          4          1          4
  1035:          6          5          1          7          5
  1040:          4          6          5          2          6
  1045:          8          6          3          3          2
  1050:          4          7          3          1          3
  1055:          4          2          4          2          1
  1060:          3          6          6          3          6
  1065:          6          4          7          3          5
  1070:          3          3          3          1          5
  1075:          7          2          4          6          6
  1080:          7          4          2          5          3
  1085:          2          2          5          2          4
  1090:          3          5          1          5          5
  1095:          7          4          4          5          2
  1100:          2          7          3          3          6
  1105:          6          1          2          4          6
  1110:          3          4          2          2          5
  1115:          5          7          3          4          3
  1120:          6          4          4          3          3
  1125:          5          4          2          3          3
  1130:          3          2          3          2          5
  1135:          2          2          7          7          6
  1140:          1          1          5          1          4
  1145:          3          1          3          4          4
  1150:          4          7          1          7          5
  1155:          7          2          4          5          6
  1160:          1          6          0          6          1
  1165:          4          2          3          4          4
  1170:          3          6          3          2          5
  1175:          0          3          3          2          2
  1180:          3          0          2          4          1
  1185:          6          2          3          4          3
  1190:          6          3          6          1          1
  1195:          1          2          1          2          2
  1200:          3          7          4          4          8
  1205:          3          2          4          8          1
  1210:          3          3          2          1          3
  1215:          4          2          1          8          4
  1220:          2          6          4          2          5
  1225:          4          5          3          4          2
  1230:          5          4          5          2          2
  1235:          6          4          2          1          1
  1240:          2          3          4          3          6
  1245:          4          4          2          3          3
  1250:          4          2          5          5          2
  1255:          8          2          2          2          4
  1260:          2          3          3          3          2
  1265:          9          2          5          2          4
  1270:          5          6          2          6          2
  1275:          4          2          3          2          2
  1280:          2          4          6          5          2
  1285:          2          1          4          1          2
  1290:          3          1          5          1          1
  1295:          6          3          7          2          3
  1300:          1          0          6          4          3
  1305:          2          5          3          3          0
  1310:          6          6          3          3          3
  1315:          3          4          5          3          1
  1320:          2          2          3          2          6
  1325:          4          3          4          1          2
  1330:          2          4          3          2          3
  1335:          2          2          1          1          1
  1340:          5          2          0          3          3
  1345:          3          4          0          1          9
  1350:          5          1          3          3          4
  1355:          7          2          2          7          5
  1360:          1          1          1          1          2
  1365:          1          1          7          1          3
  1370:          0          3          3          3          7
  1375:          2          4          2          3          6
  1380:          0          1          1          6          1
  1385:          1          4          7          1          3
  1390:          3          4          3          1          4
  1395:          2          4          1          0          3
  1400:          2          0          0          3          4
  1405:          2          3          3          3          1
  1410:          2          3          1          5          1
  1415:          3          1          0          3          4
  1420:          2          3          5          2          4
  1425:          1          2          3          1          4
  1430:          2          5          1          0          1
  1435:          0          3          5          2          0
  1440:          0          2          2          2          0
  1445:          2          4          2          3          1
  1450:          2          3          2          3          4
  1455:          1          1          1          2          2
  1460:          2          3          1          2          4
  1465:          1          2          0          4          0
  1470:          1          2          2          2          7
  1475:          2          1          3          2          8
  1480:          0          4          3          4          0
  1485:          2          3          1          0          3
  1490:          2          3          0          4          3
  1495:          4          4          2          1          2
  1500:          1          2          2          3          2
  1505:          1          2          1          5          2
  1510:          3          4          0          0          4
  1515:          6          2          2          1          2
  1520:          4          3          1          3          2
  1525:          1          2          1          4          1
  1530:          2          3          4          3          3
  1535:          4          4          3          8          5
  1540:          2          2          4          4          2
  1545:          4          1          3          4          2
  1550:          1          5          3          3          3
  1555:          3          2          2          4          2
  1560:          6          1          3          1          1
  1565:          2          4          7          2          1
  1570:          7          3          1          0          0
  1575:          4          2          1          4          5
  1580:          5          4          5          3          2
  1585:          6          4          1          2          5
  1590:          3          3          2          2          2
  1595:          3          1          1          5          1
  1600:          5          1          3          3          5
  1605:          1          3          0          3          2
  1610:          5          3          0          5          2
  1615:          0          2          0          1          3
  1620:          0          2          2          5          4
  1625:          4          1          2          5          4
  1630:          1          4          1          0          2
  1635:          6          2          3          3          1
  1640:          3          2          4          4          6
  1645:          0          0          4          1          3
  1650:          2          1          1          1          3
  1655:          0          2          2          3          2
  1660:          3          3          0          1          5
  1665:          1          2          1          0          0
  1670:          3          4          2          2          2
  1675:          2          1          3          3          3
  1680:          2          1          3          1          2
  1685:          0          1          1          2          1
  1690:          0          3          1          2          3
  1695:          0          2          2          1          2
  1700:          4          5          2          1          2
  1705:          1          0          0          1          2
  1710:          2          1          0          2          2
  1715:          5          3          0          4          2
  1720:          1          1          1          2          1
  1725:          0          1          1          1          1
  1730:          1          0          3          5          1
  1735:          0          1          0          0          0
  1740:          2          0          1          1          1
  1745:          1          4          2          2          0
  1750:          2          1          0          1          2
  1755:          2          0          0          4          0
  1760:          0          1          0          1          1
  1765:          0          0          2          2          1
  1770:          1          1          1          0          1
  1775:          0          2          3          1          2
  1780:          1          4          0          3          0
  1785:          0          0          1          2          2
  1790:          0          1          3          2          0
  1795:          1          2          1          1          1
  1800:          1          0          0          5          0
  1805:          2          0          1          1          1
  1810:          0          0          0          2          1
  1815:          0          1          0          2          1
  1820:          1          0          1          0          1
  1825:          0          1          0          0          3
  1830:          0          0          1          2          1
  1835:          0          0          1          0          0
  1840:          2          1          0          0          0
  1845:          2          0          0          1          1
  1850:          0          0          0          1          3
  1855:          2          2          2          2          1
  1860:          1          0          1          1          4
  1865:          0          3          0          1          1
  1870:          4          1          1          1          0
  1875:          2          2          1          1          2
  1880:          0          3          1          2          1
  1885:          0          1          0          2          0
  1890:          0          1          0          2          2
  1895:          1          1          0          2          1
  1900:          1          1          1          1          3
  1905:          2          0          6          5          1
  1910:          0          0          2          3          1
  1915:          3          1          5          3          3
  1920:          4          1          0          2          1
  1925:          3          1          3          2          4
  1930:          1          1          0          3          1
  1935:          2          1          2          4          3
  1940:          5          2          1          2          2
  1945:          1          0          2          5          2
  1950:          2          0          5          2          5
  1955:          3          3          1          5          2
  1960:          7          6          6          3          2
  1965:          2          5          4          2          2
  1970:          3          1          3          6          4
  1975:          3          7          0          2          3
  1980:          2          8          5          4          7
  1985:          2          5          3          3          2
  1990:          1          6          4          1          3
  1995:          5          8          5          4          4
  2000:          2          6          7          5          6
  2005:          1          9          1          4          3
  2010:          2          4          4          4          2
  2015:          6          0          0          0          0
  2020:          0          0          0          0          0
  2025:          0          0          0          0          0
  2030:          0          0          0          0          0
  2035:          0          0          0          0          0
  2040:          0          0          0          0          0
  2045:          0          0          0
