       0
       0
       0
       0
       0
       0
       0
       0
       0
     121
    2523
    2508
     612
      51
      32
      46
      34
      42
      39
      38
      25
      40
      33
      31
      35
      28
      38
      45
      33
      30
      40
      50
      44
      48
      55
      56
      63
      44
      56
      66
      52
      56
      65
      55
      83
      84
      82
      87
      87
      91
      88
      83
      87
      82
      98
      75
      63
      73
      51
      73
      82
      61
      71
      68
      59
      65
      70
      62
      73
      66
      71
      87
      71
      64
      71
      84
      86
      69
      79
      86
      93
      92
     107
     101
     115
      87
      97
     109
     115
     131
     137
      98
     109
     106
     125
     144
     127
     123
     137
     128
     135
     137
     141
     134
     128
     134
     143
     149
     161
     130
     163
     164
     155
     156
     163
     177
     160
     131
     149
     145
     169
     170
     170
     171
     175
     169
     134
     155
     158
     130
     166
     168
     171
     160
     167
     169
     163
     168
     149
     166
     147
     133
     168
     163
     165
     148
     156
     156
     165
     174
     157
     137
     172
     153
     161
     142
     150
     166
     145
     176
     160
     160
     150
     147
     142
     137
     185
     165
     174
     146
     140
     153
     177
     131
     136
     127
     168
     150
     170
     156
     160
     164
     136
     146
     162
     161
     161
     149
     157
     124
     133
     161
     140
     129
     150
     128
     154
     142
     163
     152
     143
     124
     116
     131
     136
     143
     124
     130
     141
     142
     140
     149
     122
     131
     137
     128
     117
     124
     117
     124
     131
     112
     140
     147
     126
     137
     112
     118
     108
     126
      98
      95
     114
     101
     120
      93
      98
     115
     109
     116
     107
     106
      90
     107
     136
     126
     116
     122
     125
     113
     107
     111
     108
     103
     112
      94
     101
     117
     124
     114
     131
     104
      98
     107
     109
     120
     104
      96
     104
     107
     111
     118
     115
     111
     110
     116
      98
     102
     109
     112
      93
     101
     115
     111
     103
      85
     100
     118
      96
     104
     101
      99
      92
      99
     108
      78
      93
     104
      98
     111
      86
      85
      89
     103
      77
      85
      91
      93
     105
      88
      90
      68
      92
      76
      81
      95
      77
      89
      86
      73
      93
      96
      79
      74
      77
      85
      75
      92
      77
      76
      78
      81
      86
      88
      76
      60
      79
      73
      75
      70
      83
      96
      74
      64
      78
      77
      76
      73
      62
      77
      75
      66
      52
      87
      75
      60
      81
      56
      68
      74
      76
      58
      64
      66
      44
      60
      53
      59
      52
      55
      68
      66
      61
      60
      56
      56
      59
      57
      67
      66
      61
      68
      56
      60
      52
      58
      57
      63
      63
      54
      57
      51
      59
      54
      44
      52
      60
      45
      58
      49
      52
      50
      60
      55
      50
      54
      49
      52
      54
      54
      51
      48
      46
      49
      59
      45
      51
      47
      45
      35
      60
      48
      58
      32
      60
      52
      41
      49
      50
      49
      43
      38
      42
      43
      43
      47
      41
      43
      50
      39
      51
      44
      50
      46
      49
      34
      38
      34
      41
      34
      36
      44
      38
      31
      32
      31
      34
      46
      25
      44
      54
      44
      43
      39
      45
      41
      36
      49
      39
      23
      42
      40
      45
      27
      48
      37
      38
      29
      39
      38
      46
      49
      37
      57
      27
      48
      27
      39
      38
      31
      35
      40
      31
      31
      39
      34
      41
      38
      34
      42
      47
      30
      29
      18
      32
      33
      35
      36
      30
      32
      33
      31
      32
      31
      24
      33
      36
      24
      28
      35
      29
      40
      32
      30
      30
      39
      30
      23
      38
      41
      37
      32
      27
      35
      30
      20
      32
      26
      33
      40
      25
      31
      33
      27
      26
      30
      28
      37
      18
      27
      18
      16
      23
      30
      18
      21
      22
      29
      31
      37
      27
      22
      23
      27
      23
      30
      20
      28
      30
      26
      31
      15
      22
      27
      28
      24
      33
      25
      20
      25
      23
      38
      29
      18
      30
      22
      18
      22
      18
      16
      21
      23
      24
      25
      28
      18
      15
      20
      20
      15
      33
      17
      18
      20
      29
      23
      20
      14
      21
      12
      18
      21
      14
      24
      25
      19
      24
      23
      20
      23
      15
      17
      21
      22
      18
      18
      21
      13
      24
      23
      15
      28
      15
      16
      26
       5
      21
      26
      23
      31
      26
      14
      14
      20
      21
      12
      20
      15
      22
      20
      15
      21
      19
      20
      23
      24
      13
      13
      18
      14
      14
      15
      15
      15
      20
      11
      15
      16
      15
      13
      13
      12
      19
      18
      12
      13
      13
       9
      15
      22
      10
      13
       6
      11
       9
      11
      10
      13
      14
      15
      17
      14
       9
       7
      13
      14
      16
      28
      16
      12
      10
      13
      13
      11
       9
       7
      12
       9
      11
      11
      13
       7
       8
       7
      13
      10
      12
       7
      12
      12
      13
       8
       6
      12
       9
      18
      13
      17
       6
      10
      10
       8
       9
       9
      12
       9
       8
      17
      11
      15
      17
      12
       7
      12
       9
       9
      14
      11
       6
       5
       3
      10
       8
       9
       5
       7
      15
      10
       6
       7
      11
       7
       7
       9
      14
      11
       7
       8
       8
      10
       8
      13
      11
       7
      14
       3
       7
      11
       7
       7
      10
      10
       7
      11
       9
       9
       9
       6
       6
       5
      15
       7
       8
      15
      12
      15
       8
      15
       5
       9
      13
       9
       7
       7
       8
      10
       5
      15
       9
      12
       8
       7
       6
      11
      17
      14
      10
       7
      15
      11
      10
       8
       8
      11
       9
       3
      15
       9
       9
       8
       7
       8
      12
      12
       6
       8
      10
       8
       9
       9
      11
       9
       7
       8
      15
      19
       9
       9
      11
       9
      11
      13
      17
      11
      15
      10
      14
      12
      15
      10
      10
      17
      12
      15
      22
      16
      16
      11
      14
      18
      16
      20
      19
      17
      27
      21
      29
      30
      19
      25
      26
      19
      20
      34
      20
      25
      21
      28
      30
      34
      39
      42
      39
      38
      36
      51
      27
      36
      51
      49
      47
      32
      50
      48
      49
      57
      51
      56
      71
      66
      56
      65
      58
      52
      74
      64
      84
      60
      62
      53
      57
      62
      57
      60
      63
      66
      66
      68
      66
      72
      61
      66
      56
      69
      58
      51
      66
      76
      76
      59
      66
      54
      61
      41
      53
      53
      48
      50
      45
      43
      41
      34
      40
      40
      34
      38
      29
      33
      27
      32
      38
      35
      30
      27
      36
      16
      19
      18
      20
      23
      13
      12
      23
      21
       3
      11
      11
      15
      17
      16
      10
      15
       9
      12
      12
       9
       9
       4
      10
       5
       7
       8
       5
       7
       6
       9
       6
      10
      11
       7
       4
       2
       1
       5
       6
       6
       4
       4
       9
       3
       4
       5
       6
       6
       5
       5
       1
       5
       8
       2
       4
       3
       2
      11
       5
       8
       1
       3
       1
       2
       4
       2
       4
       7
       3
       2
       6
       5
       3
       1
       3
       2
       5
       3
       4
       7
       4
       5
       2
       4
       5
       2
       5
       5
       2
       4
       2
       3
       1
       7
       3
       7
       1
       3
       5
       4
       5
       4
       6
       5
       5
       3
       1
       2
       2
       2
       6
       9
       2
       2
       2
       4
       3
       2
       3
       4
       1
       4
       1
       1
       7
       7
       5
       3
       4
       1
       6
       4
       6
       5
       3
       4
       1
       6
       5
       2
       3
       2
       5
       3
       4
       3
       6
       3
       0
       0
       3
       2
       7
       3
       3
       3
       6
       4
       4
       6
       3
       7
       2
       6
       5
       2
       5
       1
       5
       5
       2
       2
       4
       4
       4
       6
       4
       3
       4
       6
       2
       3
       4
       3
       3
       4
       4
       2
       5
       5
       3
       2
       2
       4
       2
       2
       1
       5
       1
       3
       1
       3
       0
       4
       1
       6
       4
       2
       1
       4
       0
       6
       5
       2
       3
       6
       5
       4
       6
       3
       3
       2
       6
       0
       3
       3
       1
       5
       4
       3
       2
       2
       3
       5
       4
       0
       2
       4
       3
       4
       5
       4
       3
       3
       5
       2
       6
       6
       3
       5
       6
       4
       7
       5
       3
       4
       1
       2
       2
       2
       2
       4
       4
       3
       0
       6
       6
       1
       4
       3
       4
       6
       2
       3
       4
       4
       2
      10
       5
       3
       6
       7
       5
       5
       0
       4
       3
       4
       2
       2
       0
       3
       5
       3
       2
       0
       0
       2
       5
       3
       2
       3
       2
       0
       2
       5
       1
       2
       4
       5
       6
       3
       3
       0
       2
       2
       4
       1
       5
       2
       0
       1
       4
       7
       4
       2
       5
       7
       8
       2
       3
       7
       3
       2
       7
       6
       2
       1
       4
       6
       4
       4
       4
       7
       3
       2
       2
       2
       5
       4
       4
       2
       4
       1
       4
       7
       5
       4
       4
       2
       3
       4
       4
       4
       4
       2
       4
       1
       2
       2
       2
       5
       2
       4
       4
       1
       4
       5
       4
       3
       3
       4
       2
       3
       2
       4
       3
       5
       5
       3
       1
       8
       3
       5
       2
       1
       4
       1
       5
       1
       3
       3
       1
       3
       3
       3
       3
       1
       4
       1
       1
       5
       4
       1
       0
       2
       7
       2
       2
       0
       2
       2
       5
       1
       3
       2
       1
       0
       3
       3
       2
       5
       4
       4
       3
       1
       2
       3
       2
       1
       0
       1
       2
       1
       2
       2
       5
       1
       5
       0
       2
       2
       1
       0
       1
       5
       4
       2
       3
       2
       2
       5
       2
       6
       2
       1
       1
       3
       1
       1
       1
       2
       0
       1
       3
       3
       3
       1
       5
       5
       2
       3
       1
       1
       1
       2
       3
       1
       2
       2
       4
       2
       1
       4
       0
       1
       0
       2
       3
       5
       1
       4
       3
       2
       2
       2
       4
       1
       1
       6
       1
       0
       3
       2
       3
       1
       2
       1
       0
       1
       4
       1
       4
       0
       2
       0
       1
       4
       3
       2
       0
       3
       6
       3
       5
       1
       4
       4
       1
       3
       1
       2
       4
       1
       1
       2
       3
       3
       2
       2
       5
       3
       6
       6
       1
       2
       4
       2
       1
       2
       5
       2
       5
       4
       4
       1
       4
       3
       6
       5
       3
       1
       2
       3
       1
       8
       1
       2
       3
       4
       2
       5
       2
       5
       3
       0
       5
       2
       3
       0
       4
       5
       2
       2
       0
       4
       3
       3
       3
       0
       3
       1
       1
       4
       4
       2
       5
       3
       2
       4
       1
       1
       1
       0
       3
       1
       2
       1
       2
       0
       3
       3
       1
       2
       5
       1
       0
       1
       3
       1
       3
       2
       4
       1
       3
       1
       6
       0
       3
       2
       0
       2
       2
       2
       2
       3
       0
       1
       3
       3
       2
       2
       2
       4
       4
       1
       2
       0
       0
       2
       7
       2
       0
       1
       0
       3
       2
       0
       2
       2
       1
       4
       2
       4
       3
       5
       1
       6
       1
       2
       2
       1
       3
       0
       2
       2
       2
       5
       2
       2
       1
       3
       0
       3
       2
       3
       1
       2
       2
       2
       1
       3
       3
       3
       3
       1
       2
       1
       1
       1
       3
       0
       2
       1
       2
       1
       2
       4
       1
       0
       1
       2
       1
       3
       1
       0
       1
       2
       4
       1
       2
       1
       2
       1
       0
       1
       2
       1
       3
       2
       0
       1
       0
       0
       1
       1
       0
       1
       1
       2
       3
       2
       1
       0
       3
       0
       0
       1
       0
       2
       1
       1
       0
       2
       3
       4
       0
       0
       0
       2
       0
       2
       0
       2
       0
       1
       1
       0
       1
       2
       1
       1
       0
       5
       2
       1
       1
       2
       1
       2
       0
       1
       0
       0
       2
       1
       1
       2
       1
       0
       1
       1
       0
       1
       1
       2
       2
       2
       1
       1
       1
       4
       1
       1
       0
       0
       0
       2
       1
       0
       1
       1
       0
       2
       3
       2
       0
       1
       1
       1
       0
       0
       1
       3
       0
       1
       0
       1
       0
       1
       1
       1
       1
       1
       2
       0
       0
       2
       0
       0
       0
       1
       3
       3
       0
       2
       2
       2
       0
       1
       0
       1
       0
       2
       0
       2
       1
       2
       1
       2
       2
       0
       2
       1
       2
       1
       2
       1
       0
       0
       1
       0
       0
       3
       0
       3
       0
       1
       1
       0
       0
       1
       2
       1
       1
       0
       1
       0
       1
       0
       0
       3
       2
       3
       0
       1
       2
       2
       2
       1
       2
       0
       2
       1
       2
       1
       2
       2
       0
       2
       0
       1
       2
       0
       2
       1
       1
       3
       1
       2
       1
       2
       0
       1
       3
       1
       0
       1
       3
       1
       2
       2
       2
       4
       0
       1
       5
       0
       1
       2
       1
       3
       1
       0
       1
       2
       1
       0
       1
       4
       0
       3
       1
       4
       1
       0
       3
       0
       1
       3
       4
       2
       3
       3
       2
       3
       4
       2
       2
       2
       4
       5
       1
       4
       1
       3
       4
       3
       2
       6
       4
       0
       5
       2
       3
       2
       4
       3
       3
       6
       4
       2
       2
       6
       2
       1
       2
       6
       4
       4
       4
       3
       4
       4
       3
       3
       3
       6
       3
       4
       1
       2
       6
       5
       3
       2
       5
       3
       4
       4
       5
       3
       5
       1
       5
       3
       6
       9
       6
       1
       3
       4
       3
       6
       2
       1
       3
       8
       1
       1
       0
       0
       0
       0
       0
       0
       0
       0
       0
       0
       0
       0
       0
       0
       0
       0
       0
       0
       0
       0
       0
       0
       0
       0
       0
       0
       0
       0
       0
       0
       0
       0
