       0
       0
       0
       0
       0
       0
       0
       0
       0
     109
    2508
    2351
     538
      51
      31
      26
      25
      32
      24
      28
      31
      28
      36
      22
      36
      33
      31
      48
      34
      39
      36
      38
      40
      40
      51
      44
      50
      52
      62
      55
      63
      65
      59
      62
      75
      66
      57
      52
      76
      86
      76
      73
      65
      74
      76
      60
      72
      73
      63
      73
      62
      73
      72
      67
      70
      60
      59
      65
      62
      69
      67
      67
      65
      63
      80
      79
      81
      92
      86
      89
      97
      97
      96
     114
      87
     132
      87
      83
     113
      95
     105
      92
     110
     103
     117
     112
     107
     113
     114
     120
     124
     149
     131
     117
     119
     133
     149
     135
     154
     121
     132
     176
     149
     173
     157
     157
     156
     192
     137
     148
     155
     158
     156
     163
     140
     165
     154
     174
     179
     159
     154
     164
     142
     169
     166
     150
     168
     170
     174
     156
     142
     161
     154
     144
     139
     148
     147
     157
     149
     129
     160
     146
     154
     181
     142
     150
     141
     155
     132
     154
     168
     163
     152
     156
     119
     139
     161
     154
     154
     138
     158
     149
     158
     157
     150
     162
     134
     135
     139
     119
     142
     148
     145
     138
     116
     171
     145
     145
     142
     125
     130
     159
     164
     151
     146
     152
     141
     142
     147
     133
     151
     130
     141
     135
     132
     143
     136
     122
     126
     117
     122
     124
     109
     137
     129
     111
     130
     125
     109
     133
     103
     121
     123
     135
     123
     113
     131
     116
      92
     114
     139
     113
     127
     117
     112
     104
      99
     127
     108
     129
     118
     108
     119
      94
     110
      96
     112
      91
      91
     118
     114
     116
     123
     108
      95
     104
      97
      83
      86
     101
     108
      93
     107
      85
     107
     117
      88
     107
     110
     101
      98
     101
      95
      87
      98
     100
     100
      93
      97
      89
      90
     101
     106
      92
     116
     116
     104
      73
     109
      92
      92
      98
      88
      84
      84
     111
      74
     103
     101
      81
      99
      80
      90
      77
      62
      90
      76
      67
      70
      89
      64
      85
      91
      78
      82
      88
      77
      87
      92
     103
      77
      69
      69
     101
      82
      74
      73
      75
      77
      67
      77
      75
      69
      62
      82
      64
      84
      76
      78
      78
      63
      65
      63
      85
      85
      74
      85
      63
      69
      74
      59
      55
      66
      57
      74
      65
      72
      64
      57
      64
      56
      71
      71
      72
      72
      51
      51
      54
      61
      56
      63
      67
      57
      54
      63
      47
      56
      47
      53
      56
      57
      56
      60
      49
      43
      69
      52
      60
      62
      46
      48
      52
      42
      45
      60
      41
      45
      44
      52
      38
      46
      47
      57
      53
      44
      45
      36
      53
      34
      38
      55
      44
      44
      50
      58
      50
      48
      51
      33
      45
      65
      50
      53
      52
      46
      51
      44
      43
      54
      39
      36
      44
      41
      42
      38
      35
      37
      41
      40
      42
      48
      41
      32
      49
      40
      38
      40
      42
      34
      31
      38
      29
      33
      31
      36
      42
      46
      33
      40
      45
      29
      30
      45
      30
      53
      38
      27
      41
      27
      43
      35
      31
      36
      31
      37
      41
      33
      36
      42
      36
      29
      43
      26
      31
      38
      29
      31
      42
      39
      37
      44
      28
      49
      38
      33
      32
      35
      30
      34
      37
      31
      27
      26
      32
      35
      27
      24
      37
      34
      24
      30
      23
      37
      37
      28
      29
      28
      36
      42
      30
      33
      24
      25
      22
      28
      28
      26
      23
      37
      37
      24
      20
      27
      26
      23
      35
      13
      29
      19
      28
      27
      23
      23
      31
      29
      24
      18
      18
      19
      23
      17
      26
      29
      20
      27
      14
      25
      18
      29
      38
      29
      18
      20
      28
      17
      17
      32
      24
      29
      21
      22
      14
      26
      21
      15
      16
      29
      26
      31
      13
      16
      20
      11
      19
      30
      19
      17
      16
      19
      16
      16
      19
      18
      27
      18
      24
      19
      20
      21
      26
      20
      23
      25
      18
      14
      22
      16
      19
      27
      22
      20
      19
      25
      21
      23
      25
      20
      18
      18
      22
      13
      25
      15
      15
      19
      20
      17
      21
      16
      17
      21
      25
      14
      16
      21
      11
      12
      23
      15
      17
      25
      14
      16
      14
      11
      13
      15
      13
       8
       9
      16
      13
      17
      13
      17
      16
      13
      13
      12
      16
      15
      21
      15
      12
      14
      16
      16
       9
      13
      17
      22
      11
      13
      16
      17
       8
      12
      16
      14
      14
       8
      13
       8
      11
      11
      12
       9
      13
      13
      10
       9
       8
      11
       9
       7
      12
      10
      15
       8
      16
       8
      12
       8
      15
      10
      16
      10
      12
       8
      13
      15
      15
      14
       5
       8
       9
      12
      13
      12
       8
      13
       9
       7
       6
      13
      13
      15
       8
      10
      14
      10
       3
      11
       4
      12
       8
       8
      22
      14
       5
      16
       9
      10
       5
      10
      10
       6
      10
      10
      10
      14
       7
      11
      11
       9
      13
      11
       7
       7
      10
       6
       8
       2
       7
      11
       6
       6
       7
       7
       4
      12
      12
      11
       8
       5
       8
      10
       7
      12
       6
      10
       8
       5
      14
      12
       4
      14
       5
       7
       8
       8
       7
       7
       8
       6
      11
      10
       9
      10
       7
      10
       5
       1
       9
      13
       9
       9
      11
      10
      11
       7
       7
       8
      10
      10
       6
      11
      10
       7
      11
      11
      13
       7
      13
       4
       9
       8
      11
       6
      10
      12
      13
       8
      11
      13
      11
      12
      14
      11
      11
      12
       9
       9
      12
      13
       8
       9
      13
      14
      16
      17
      14
      12
       8
      11
      12
      16
      13
      12
      10
      21
      11
      13
      17
      21
      17
      17
      15
      22
      15
      10
      12
       8
      16
      19
      22
      19
      12
      24
      20
      17
      22
      29
      16
      17
      21
      22
      27
      21
      31
      30
      15
      23
      30
      30
      30
      37
      29
      46
      42
      34
      36
      35
      39
      43
      34
      45
      44
      46
      55
      42
      40
      41
      37
      38
      49
      44
      60
      41
      58
      57
      49
      39
      65
      54
      57
      50
      71
      51
      62
      49
      44
      51
      50
      55
      39
      55
      41
      54
      42
      55
      46
      40
      40
      39
      42
      27
      45
      37
      32
      45
      43
      33
      22
      32
      40
      40
      31
      25
      31
      30
      28
      25
      19
      27
      30
      20
      20
      15
      13
      15
       8
      11
      21
      13
       9
      13
      11
       8
      14
       7
       9
      10
      11
       8
      15
      11
       9
       9
       4
       6
       6
       5
      11
       6
       4
       4
       8
       3
       5
       8
       5
       0
       4
       5
       4
       6
       2
       6
       7
       2
       4
       4
       2
       3
       5
       5
       2
       3
       7
       5
       8
       4
       4
       1
       1
       4
       4
       3
       3
       6
       4
       4
       4
       6
       2
       3
       5
       2
       0
       4
       2
       5
       2
       5
       3
       3
       3
       2
       3
       4
       5
       2
       2
       6
       2
       4
       3
       5
       3
       3
       1
       3
       2
       2
       7
       2
       5
       5
       7
       3
       4
       2
       5
       5
       3
       3
       6
       4
       6
       5
       3
       3
       2
       6
       4
       3
       3
       2
       3
       6
       4
       3
       5
       3
       4
       3
       4
       4
       5
       4
       3
       6
       3
       4
       3
       5
       3
       2
       3
       3
       1
       1
       3
       7
       4
       4
       5
       8
       4
       5
       6
       4
       0
       4
       5
       3
       3
       4
       2
       1
       2
       2
       3
       5
       6
       1
       6
       3
       1
       7
       4
       4
       2
       6
       6
       4
       3
       3
       4
       2
       5
       6
       5
       2
       2
       3
       4
       2
       2
       3
       3
       0
       2
       0
       4
       2
       4
       5
       1
       3
       2
       1
       6
       3
       3
       2
       4
       1
       1
       5
       6
       5
       4
       1
       4
       2
       1
       5
       5
       5
       3
       5
       7
       2
       5
       1
       3
       1
       3
       3
       4
       2
       5
       0
       6
       2
       1
       4
       6
       4
       3
       2
       2
       3
       4
       6
       2
       3
       5
       4
       3
       1
       2
       3
       4
       4
       5
       3
       3
       3
       5
       3
       0
       0
       5
       0
       3
       3
       1
       4
       1
       4
       5
       3
       3
       3
       2
       8
       6
       5
       1
       4
       4
       2
       1
       8
       2
       2
       4
       3
       2
       3
       1
       4
       3
       3
       2
       2
       2
       5
       7
       2
       5
       6
       6
       4
       2
       4
       0
       2
       4
       4
       2
       2
       2
       2
       7
       2
       6
       5
       6
       4
       5
       3
       6
       2
       3
       3
       4
       0
       2
       1
       2
       4
       3
       1
       4
       5
       3
       2
       2
       2
       4
       3
       1
       6
       5
       1
       3
       1
       3
       1
       2
       6
       2
       4
       4
       2
       4
       5
       2
       4
       2
       2
       3
       5
       0
       2
       3
       1
       3
       3
       2
       3
       3
       4
       5
       3
       5
       3
       4
       3
       2
       1
       2
       0
       5
       2
       2
       2
       3
       1
       3
       5
       5
       3
       0
       4
       4
       5
       3
       2
       5
       2
       1
       6
       4
       1
       1
       3
       3
       3
       5
       3
       2
       3
       3
       1
       2
       2
       1
       2
       3
       2
       2
       3
       0
       1
       2
       2
       4
       3
       2
       2
       1
       1
       4
       1
       3
       3
       2
       1
       3
       2
       5
       1
       4
       2
       7
       2
       3
       2
       2
       2
       2
       1
       3
       3
       2
       0
       1
       2
       2
       3
       1
       1
       3
       2
       4
       2
       2
       0
       1
       3
       1
       2
       3
       0
       0
       0
       4
       1
       2
       1
       3
       0
       1
       4
       1
       1
       4
       3
       2
       4
       7
       1
       4
       2
       2
       3
       4
       1
       2
       0
       0
       1
       4
       6
       3
       0
       2
       1
       5
       6
       2
       3
       1
       0
       2
       1
       2
       3
       3
       2
       2
       2
       1
       3
       3
       1
       3
       0
       3
       1
       1
       0
       5
       1
       2
       3
       3
       3
       2
       8
       4
       2
       4
       3
       3
       5
       4
       3
       3
       2
       2
       5
       2
       2
       3
       1
       0
       2
       5
       2
       2
       3
       4
       2
       2
       0
       1
       2
       2
       2
       2
       4
       1
       0
       2
       1
       0
       4
       2
       3
       2
       4
       2
       1
       3
       3
       2
       2
       4
       4
       1
       3
       5
       2
       2
       2
       3
       2
       2
       3
       2
       2
       1
       4
       0
       4
       3
       2
       1
       4
       4
       2
       2
       2
       2
       2
       1
       1
       2
       0
       3
       5
       3
       2
       1
       4
       4
       0
       2
       4
       5
       2
       2
       1
       3
       5
       5
       2
       1
       1
       1
       2
       3
       1
       0
       1
       4
       1
       4
       3
       2
       1
       1
       1
       4
       1
       2
       0
       5
       3
       5
       3
       2
       1
       2
       1
       2
       5
       1
       2
       0
       2
       1
       2
       3
       3
       2
       2
       2
       0
       3
       1
       1
       4
       1
       1
       1
       2
       2
       1
       0
       3
       4
       1
       2
       2
       1
       2
       0
       0
       0
       4
       0
       2
       1
       1
       1
       2
       2
       0
       2
       2
       1
       2
       1
       0
       3
       3
       3
       0
       1
       1
       3
       5
       3
       0
       0
       0
       1
       1
       1
       0
       1
       0
       3
       3
       1
       2
       1
       0
       3
       1
       1
       2
       2
       0
       2
       0
       0
       0
       0
       0
       0
       2
       0
       0
       0
       1
       0
       0
       3
       3
       1
       1
       1
       0
       0
       2
       2
       1
       1
       0
       0
       4
       0
       1
       3
       2
       0
       1
       1
       0
       1
       1
       1
       1
       0
       0
       1
       1
       0
       1
       2
       1
       2
       1
       2
       2
       1
       4
       1
       4
       1
       0
       0
       0
       0
       4
       1
       1
       4
       1
       0
       1
       0
       2
       2
       1
       0
       2
       1
       0
       1
       0
       1
       2
       0
       2
       2
       1
       3
       0
       4
       2
       2
       0
       2
       3
       0
       0
       2
       2
       1
       0
       0
       0
       1
       0
       1
       1
       1
       0
       1
       1
       1
       1
       0
       1
       3
       0
       0
       0
       1
       0
       1
       1
       2
       1
       1
       1
       0
       1
       1
       1
       3
       0
       1
       1
       0
       1
       1
       0
       1
       1
       3
       0
       0
       1
       1
       2
       0
       2
       0
       0
       2
       2
       2
       2
       0
       1
       1
       2
       2
       1
       0
       1
       0
       0
       1
       0
       1
       2
       3
       2
       4
       0
       2
       0
       1
       0
       2
       2
       1
       0
       1
       0
       1
       2
       3
       0
       3
       0
       1
       1
       2
       1
       1
       2
       0
       1
       1
       0
       2
       1
       2
       3
       0
       1
       1
       4
       2
       5
       1
       2
       0
       0
       1
       7
       5
       1
       2
       3
       1
       2
       0
       2
       0
       5
       3
       4
       1
       0
       2
       4
       2
       2
       0
       2
       1
       4
       3
       1
       4
       6
       5
       4
       5
       4
       4
       2
       5
       2
       3
       5
       2
       2
       6
       2
       2
       7
       1
       7
       3
       4
       5
       1
       5
       4
       4
       2
       2
       4
       4
       3
       4
       1
       7
       3
       5
       4
       1
       3
       3
       3
       5
       7
       2
       4
       2
       4
       4
       2
       4
       7
       6
       3
       2
       4
       2
       5
       3
       0
       0
       0
       0
       0
       0
       0
       0
       0
       0
       0
       0
       0
       0
       0
       0
       0
       0
       0
       0
       0
       0
       0
       0
       0
       0
       0
       0
       0
       0
       0
       0
