       0
       0
       0
       0
       0
       0
       0
       0
       0
     141
    2565
    2424
     549
      33
      42
      25
      36
      39
      31
      41
      36
      33
      34
      52
      35
      36
      47
      46
      52
      42
      48
      60
      51
      45
      53
      55
      75
      64
      64
      62
      68
      87
      76
      86
      76
      83
      88
      95
      83
      98
      94
     110
      99
     117
      90
      87
      92
      66
      92
      81
      77
      61
      71
      81
      70
      97
      68
      60
      72
      75
      67
      77
      66
      74
      80
      97
      77
      83
      96
      95
      99
      75
     103
      83
     111
     112
     113
     113
     107
     119
     131
     135
     139
     110
     131
     114
     145
     114
     130
     155
     110
     122
     129
     134
     135
     166
     150
     137
     143
     131
     153
     159
     161
     168
     155
     172
     154
     152
     192
     176
     167
     176
     147
     189
     162
     176
     177
     205
     160
     166
     152
     188
     162
     183
     161
     164
     160
     156
     185
     159
     177
     182
     169
     182
     138
     161
     175
     164
     164
     148
     168
     168
     169
     176
     172
     161
     151
     148
     164
     173
     158
     152
     134
     147
     167
     161
     141
     156
     163
     175
     156
     148
     151
     150
     153
     167
     166
     164
     187
     172
     153
     143
     179
     148
     186
     154
     155
     172
     159
     132
     149
     139
     153
     152
     172
     140
     163
     149
     146
     129
     160
     168
     147
     143
     140
     134
     145
     136
     148
     150
     147
     138
     137
     158
     144
     130
     139
     157
     150
     147
     133
     133
     131
     134
     150
     145
     113
     123
     122
     143
     131
     137
     141
     133
     137
     129
     115
      97
     122
     128
     116
     120
     130
     144
     142
     114
     126
     126
     135
     128
     119
     108
     104
     126
     124
     111
     108
     109
     104
     121
     111
     113
     121
     105
     126
     125
     113
     102
     131
     128
     130
     111
     144
     126
     124
     109
     140
     126
     118
     116
     100
     112
      82
     103
     101
     115
     116
      97
     108
     121
     128
     115
     117
     123
      99
     104
     117
     109
      90
      94
     117
      91
     109
      92
      92
      89
     111
     105
      94
      84
      94
     102
      89
      96
      99
     117
      99
      74
      96
      91
      94
      83
      95
      82
      99
      86
      93
      88
      78
      95
      98
      91
      88
      81
      81
      87
      81
     102
      94
      86
      93
      89
      94
      81
      97
      73
      84
      85
      83
      78
      95
      92
      74
      78
      76
      56
      78
      75
      70
      78
      77
      68
      70
      77
      81
      82
      73
      69
      65
      49
      67
      63
      61
      69
      54
      75
      81
      59
      60
      74
      75
      59
      61
      73
      56
      70
      57
      51
      48
      52
      64
      66
      65
      62
      53
      73
      54
      59
      56
      72
      58
      46
      46
      59
      57
      53
      62
      62
      60
      58
      43
      59
      47
      65
      45
      55
      60
      50
      49
      60
      50
      42
      55
      47
      41
      44
      59
      46
      48
      53
      49
      55
      56
      45
      50
      45
      51
      53
      52
      58
      51
      42
      50
      56
      53
      46
      49
      35
      48
      50
      43
      42
      41
      45
      52
      55
      49
      47
      51
      50
      46
      32
      50
      62
      44
      42
      33
      40
      39
      42
      43
      40
      51
      40
      43
      38
      41
      52
      53
      40
      43
      52
      45
      31
      41
      51
      34
      45
      44
      41
      31
      30
      54
      33
      49
      42
      40
      45
      37
      41
      37
      41
      49
      27
      56
      46
      43
      45
      32
      29
      35
      38
      38
      43
      33
      34
      29
      26
      31
      37
      41
      31
      35
      33
      25
      30
      32
      36
      31
      30
      28
      24
      27
      48
      30
      41
      36
      35
      33
      27
      36
      27
      33
      31
      39
      26
      29
      27
      23
      22
      24
      30
      36
      29
      27
      24
      27
      25
      28
      23
      30
      24
      16
      29
      25
      36
      29
      26
      27
      16
      21
      24
      32
      24
      31
      28
      22
      25
      18
      19
      27
      28
      28
      30
      23
      27
      22
      28
      18
      28
      19
      26
      23
      28
      24
      31
      34
      28
      30
      23
      28
      24
      27
      28
      28
      25
      21
      22
      19
      19
      24
      27
      17
      27
      22
      19
      25
      22
      24
      26
      19
      37
      23
      32
      21
      25
      22
      18
      24
      29
      26
      15
      19
      20
      19
      22
      22
      24
      24
      24
      18
      21
      17
      18
      18
      27
      22
      22
      13
      15
      20
      11
      19
      19
      24
      18
      11
      16
      18
      14
      20
      22
      14
      23
      11
      14
      15
      20
      11
      11
      18
      25
      11
      17
      13
      22
      15
      15
      15
      11
      12
      16
      13
      15
      15
      15
      12
       8
      19
      12
      16
      21
      12
      15
      14
      10
      22
      18
       7
      10
      11
      16
      13
      17
      13
      18
      16
      13
      15
      15
       9
      11
      17
      15
      11
      11
      14
      13
       9
      12
       7
      13
      11
      12
      13
       7
       9
       8
      11
       8
       8
       9
      10
       8
       7
      16
      16
       6
      10
      10
      11
      13
      14
      16
       9
      10
      16
      15
       5
      13
      15
       5
      10
      14
      10
      10
       9
       6
      13
      10
      13
       9
      16
       9
      10
       5
       9
      12
      11
      11
       8
       7
       5
      13
      12
      13
      13
       8
      14
      10
      13
      17
      15
      11
       8
      11
       6
      10
       4
       8
      15
      17
       9
       8
      14
      13
      10
       7
       7
      10
      13
       9
       9
      12
      10
       8
      13
       9
       9
       6
       8
      10
       9
      14
      14
       8
      14
      12
      12
      11
       7
      10
       8
      12
      11
      12
      15
      10
      11
      12
      11
      13
      11
      16
      12
      12
      11
      14
      16
       8
       6
       6
      13
      16
       8
       6
      12
      17
      20
      11
      16
      13
      13
      14
      16
      19
      12
      17
      20
      19
       9
      14
      20
      21
      21
      25
      22
      24
      20
      25
      23
      15
      19
      20
      15
      25
      26
      39
      22
      30
      34
      32
      31
      40
      28
      43
      37
      54
      55
      42
      40
      41
      43
      37
      46
      60
      60
      61
      60
      47
      50
      55
      65
      60
      53
      67
      58
      72
      85
      71
      56
      63
      71
      85
      67
      84
      85
      89
      61
      78
      97
      75
      81
      81
      86
      78
      91
      87
      77
      83
      96
      86
      84
      71
      94
      79
      74
      76
      91
      78
      81
      66
      93
      70
      69
      69
      59
      77
      61
      75
      62
      63
      41
      50
      49
      62
      46
      46
      39
      48
      56
      41
      33
      29
      30
      20
      34
      30
      27
      27
      31
      22
      25
      21
      16
      20
      11
      16
      20
      11
      14
      17
       8
      12
       9
       9
       7
      12
      10
       8
       9
       6
       6
       6
       6
       7
       5
       4
       9
       2
       6
       4
       5
       5
       7
       5
       5
       2
       4
       5
       6
       8
       4
       0
       6
       4
       4
       5
       7
       2
       6
       7
       0
       5
       4
       4
       2
       3
       3
       1
       5
       7
       4
       4
       4
       4
       4
       1
       4
       4
       3
       6
       2
       2
       5
       7
       7
       4
       4
       4
       2
       3
       4
       3
       4
       2
       4
       3
       5
       4
       5
       6
       3
       4
       3
       6
       3
       1
       3
       4
       3
       3
       0
       3
       6
       2
       2
       5
       3
       5
       6
       2
       5
       6
       7
       3
       2
       1
       6
       3
       5
       3
       1
       3
       4
       5
       1
       1
       4
       4
       6
       5
       4
       2
       2
       4
       5
       6
       4
       6
       7
       5
       3
       4
       2
       3
       6
       3
       5
       2
       3
       2
       1
       2
       3
       2
       6
       3
       4
       4
       1
       3
       2
       3
       4
       3
       7
       0
       6
       1
       3
       3
       1
       8
       3
       3
       4
       5
       4
       3
       4
       2
       3
       3
       4
       4
       5
       6
       5
       1
       3
       5
       0
       4
       5
       2
       4
       2
       5
       3
       2
       2
       2
       6
       3
       3
       3
       5
       4
       6
       2
       0
       0
       4
       8
       4
       1
       3
       0
       3
       4
       3
       2
       7
       3
       4
       6
       2
       2
       2
       1
       2
       2
       7
       1
       4
       2
       4
       1
       8
       3
       2
       4
       2
       4
       4
       5
       3
       3
       4
       1
       3
       1
       1
       3
       2
       4
       5
       3
       3
       4
       7
       2
       1
       1
       2
       2
       6
       7
       4
       4
       1
       2
       5
       4
       1
       2
       1
       2
       2
       6
       1
       2
       3
       5
       1
       3
       6
       2
       3
       8
       2
       1
       2
       5
       3
       2
       9
       4
       3
       6
       5
       5
       1
       2
       8
       1
       4
       2
       5
       3
       1
       1
       4
       3
       3
       2
       6
       2
       7
       0
       2
       9
       7
       3
       2
       2
      10
       4
       2
       3
       2
       6
       4
       3
       5
       2
       1
       2
       2
       0
       6
       3
       3
       6
       3
       5
       2
       2
       4
       1
       0
       3
       2
       6
       3
       3
       1
       5
       4
       2
       4
       4
       4
       1
       1
       3
       6
       6
       2
       3
       3
       3
       3
       2
       4
       6
       3
       1
       2
       3
       1
       2
       2
       0
       3
       0
       3
       3
       6
       4
       2
       2
       2
       1
       3
       1
       2
       2
       5
       2
       5
       7
       2
       4
       1
       2
       3
       1
       2
       5
       1
       1
       2
       5
       3
       1
       2
       1
       1
       1
       4
       1
       3
       3
       3
       3
       3
       2
       3
       1
       4
       4
       2
       0
       1
       3
       4
       2
       3
       2
       2
       0
       4
       1
       5
       3
       3
       3
       4
       5
       5
       1
       4
       1
       0
       1
       2
       5
       3
       3
       2
       0
       4
       5
       1
       1
       4
       5
       5
       1
       0
       2
       2
       1
       1
       1
       2
       3
       4
       1
       2
       4
       1
       1
       1
       3
       1
       0
       2
       4
       2
       2
       3
       2
       1
       2
       4
       2
       3
       0
       2
       1
       2
       2
       1
       2
       3
       6
       1
       4
       3
       4
       2
       4
       4
       5
       2
       2
       4
       4
       3
       4
       4
       3
       1
       2
       4
       3
       1
       0
       3
       0
       5
       2
       5
       0
       4
       5
       2
       2
       2
       0
       5
       2
       4
       7
       4
       2
       5
       3
       2
       3
       3
       2
       2
       1
       5
       3
       1
       3
       1
       4
       4
       4
       3
       2
       5
       3
       2
       0
       7
       3
       2
       3
       5
       3
       3
       3
       2
       1
       1
       1
       1
       0
       1
       0
       4
       2
       1
       3
       5
       0
       0
       4
       3
       5
       6
       4
       1
       1
       2
       2
       2
       2
       3
       1
       4
       3
       3
       1
       5
       2
       2
       3
       4
       4
       1
       3
       2
       1
       2
       3
       2
       5
       4
       1
       3
       3
       2
       5
       3
       0
       1
       2
       3
       1
       1
       2
       4
       3
       2
       0
       3
       4
       4
       2
       2
       2
       5
       1
       2
       1
       2
       2
       0
       2
       2
       3
       5
       1
       2
       3
       3
       3
       2
       0
       1
       0
       2
       3
       2
       2
       0
       4
       1
       1
       4
       0
       1
       4
       1
       2
       4
       3
       3
       0
       1
       1
       4
       1
       2
       0
       0
       0
       2
       1
       0
       1
       1
       1
       4
       3
       2
       2
       0
       0
       0
       1
       2
       2
       3
       0
       3
       0
       2
       2
       1
       2
       1
       2
       3
       1
       2
       1
       1
       3
       2
       2
       1
       3
       0
       2
       0
       2
       0
       0
       2
       0
       0
       1
       2
       4
       0
       5
       1
       1
       2
       3
       2
       3
       1
       2
       0
       3
       1
       2
       2
       2
       2
       1
       0
       1
       2
       0
       2
       0
       0
       0
       1
       0
       2
       1
       0
       5
       0
       3
       1
       3
       3
       0
       2
       0
       1
       1
       2
       2
       0
       0
       2
       3
       2
       1
       0
       1
       0
       1
       1
       0
       1
       1
       0
       1
       2
       2
       3
       1
       1
       0
       1
       4
       0
       0
       0
       1
       0
       1
       1
       2
       2
       0
       0
       0
       0
       0
       1
       4
       2
       1
       3
       2
       3
       1
       0
       1
       2
       0
       5
       1
       1
       1
       2
       1
       2
       2
       0
       2
       0
       2
       2
       0
       0
       2
       0
       2
       0
       0
       1
       1
       4
       0
       1
       2
       0
       0
       0
       0
       2
       2
       1
       0
       1
       0
       2
       2
       0
       1
       0
       0
       1
       1
       1
       0
       1
       0
       0
       0
       0
       3
       2
       1
       0
       2
       1
       1
       1
       0
       1
       2
       1
       0
       0
       0
       1
       1
       3
       2
       0
       1
       1
       0
       2
       2
       0
       1
       1
       1
       0
       3
       0
       1
       2
       0
       2
       1
       0
       4
       1
       0
       0
       1
       2
       1
       2
       4
       1
       1
       3
       0
       0
       1
       1
       1
       1
       1
       1
       1
       1
       2
       2
       2
       6
       1
       2
       1
       0
       2
       1
       0
       2
       2
       0
       4
       4
       5
       3
       2
       5
       2
       2
       3
       2
       2
       1
       3
       3
       5
       6
       5
       2
       1
       1
       2
       3
       5
       4
       3
       1
       2
       5
       9
       2
       2
       0
       4
       4
       0
       2
       6
       4
       2
       4
       3
       0
       7
       4
       1
       4
       2
       0
       7
       8
       3
       5
       5
       4
       4
       9
       6
       4
       5
       7
       2
       2
       1
       2
       5
       2
       1
       7
       2
       6
       5
       6
       3
       4
       4
       4
       2
       0
       4
       6
       7
       2
       6
       9
       0
       0
       0
       0
       0
       0
       0
       0
       0
       0
       0
       0
       0
       0
       0
       0
       0
       0
       0
       0
       0
       0
       0
       0
       0
       0
       0
       0
       0
       0
       0
       0
