ACQUISITION INFORMATION

Detector ID:  1
Detector description:
LAB4D1 Easy-MCA-2k SN 18162513
Sample description:

Real Time:  299.999993
Live Time:  296.599993
Acquisition start date:  05Nov2019
Acquisition start time:  18:52:44
Starting channel number:   0
Number of channels:   2048


CALIBRATION INFORMATION

ENERGY CALIBRATION
Units:
Energy Fit:  0.000000E+000  1.000000E+000  0.000000E+000
FWHM Fit:  1.000000E+000  0.000000E+000  0.000000E+000
Efficiency Terms:  0.000000  0.000000  0.000000  0.000000  0.000000
  0.000000  0.000000  0.000000  0.000000  0.000000


SPECTRUM
     0:          0          0         20          0          1
     5:          0          0          0          0        527
    10:       8473       7188       1647        172        119
    15:        107        115        144        107        110
    20:        111        108        130        119        119
    25:        111        147        135        126        136
    30:        139        148        173        197        208
    35:        215        249        265        250        278
    40:        285        327        307        285        334
    45:        371        396        419        458        470
    50:        470        480        481        485        429
    55:        425        396        358        298        274
    60:        261        228        215        210        196
    65:        202        177        190        182        178
    70:        166        176        169        152        186
    75:        177        169        165        190        170
    80:        199        177        199        201        199
    85:        187        208        210        209        224
    90:        253        243        224        221        233
    95:        245        241        238        240        234
   100:        234        261        246        276        286
   105:        261        273        269        255        278
   110:        300        300        287        321        281
   115:        293        307        318        296        305
   120:        301        297        310        307        319
   125:        292        321        326        311        319
   130:        302        318        278        316        297
   135:        297        287        310        278        335
   140:        288        303        304        290        307
   145:        286        297        291        314        319
   150:        306        292        286        301        304
   155:        293        302        299        304        281
   160:        293        320        297        278        265
   165:        308        292        301        311        314
   170:        284        302        332        299        299
   175:        283        302        289        317        302
   180:        333        321        285        308        306
   185:        319        305        307        322        330
   190:        296        307        281        337        305
   195:        298        303        282        287        321
   200:        314        279        309        310        279
   205:        309        310        305        300        281
   210:        279        314        293        267        297
   215:        293        277        297        282        266
   220:        297        303        281        277        283
   225:        276        239        293        294        271
   230:        280        286        274        251        225
   235:        285        275        281        268        265
   240:        277        279        291        285        259
   245:        280        264        281        291        290
   250:        286        287        285        240        323
   255:        292        260        326        342        298
   260:        315        293        291        318        334
   265:        316        294        312        323        322
   270:        339        335        330        316        331
   275:        351        355        345        333        294
   280:        338        340        348        356        304
   285:        328        350        302        357        273
   290:        331        325        319        290        314
   295:        288        302        349        331        308
   300:        325        355        295        313        299
   305:        291        303        288        308        299
   310:        310        290        285        277        264
   315:        287        271        276        261        290
   320:        298        290        276        280        272
   325:        254        261        251        282        268
   330:        269        249        266        272        259
   335:        279        237        248        223        264
   340:        250        244        234        222        238
   345:        213        247        207        256        240
   350:        226        235        250        230        228
   355:        208        204        218        219        211
   360:        240        215        205        226        201
   365:        209        187        206        192        207
   370:        194        182        177        189        173
   375:        210        209        205        200        231
   380:        209        188        169        201        184
   385:        174        188        191        180        206
   390:        190        173        179        190        200
   395:        189        190        193        185        187
   400:        183        173        180        195        165
   405:        174        172        173        158        174
   410:        151        152        151        180        171
   415:        158        171        156        150        156
   420:        163        159        158        179        169
   425:        173        152        153        157        140
   430:        149        171        153        159        130
   435:        157        139        141        136        166
   440:        145        162        139        159        137
   445:        134        155        158        142        106
   450:        136        164        137        134        146
   455:        150        146        124        145        124
   460:        140        141        146        134        155
   465:        120        117        128        135        154
   470:        145        127        118        137        151
   475:        116        138        133        134        125
   480:        133        130        126        129        121
   485:        133        123        118        135        131
   490:        118        123        132        144        123
   495:        130        120        138        115        119
   500:        136        136        115        122        129
   505:        134        121        111        139        118
   510:        121        141        119         99        103
   515:        119        116        119        104        117
   520:        114        115        125        114        126
   525:        104        115        129        116        111
   530:        111        119        117        111        101
   535:        107        122         91        116        120
   540:        111        104        116        135        112
   545:        100        117        104         98        112
   550:        107        115        119        131        118
   555:        103         99        134        120        119
   560:        111        120        105        117        103
   565:        108        114        115        119        100
   570:        110        106        100        125         99
   575:        101        103        127        116        112
   580:        128        113        121        110        131
   585:         99        114        114        104        109
   590:         98        126        110         92         98
   595:        113        123        121        121        122
   600:        108        102        128        104        118
   605:         99        115        120        119         92
   610:        117        102        111        112         96
   615:         99        103        110        104        117
   620:         92        100        117        102        101
   625:        115        107         84         96         93
   630:         87         97        115         88         96
   635:        111         95         98         84         83
   640:         94         92         89         73         80
   645:        105         94         76         93         80
   650:         66         96         93         78         66
   655:         78         84         71         83         72
   660:         56         62         56         59         54
   665:         57         74         60         58         49
   670:         56         57         51         59         51
   675:         53         56         39         56         47
   680:         67         56         42         63         48
   685:         51         51         57         42         41
   690:         39         50         49         44         44
   695:         42         43         42         37         47
   700:         46         39         42         33         49
   705:         42         39         34         30         34
   710:         30         31         40         25         33
   715:         38         46         34         24         30
   720:         42         37         35         35         36
   725:         27         18         31         24         23
   730:         26         31         24         33         28
   735:         28         33         31         35         28
   740:         33         27         35         27         29
   745:         30         25         24         25         18
   750:         26         19         24         20         21
   755:         32         32         26         25         18
   760:         24         25         24         28         26
   765:         21         24         29         25         23
   770:         25         22         26         20         22
   775:         24         20         22         21         29
   780:         20         22         19         22         26
   785:         23         21         26         11         24
   790:         17         23         21         27         26
   795:         26         25         20         21         15
   800:         27         30         13         23         16
   805:         26         10         26         25         23
   810:         24         17         23         28         21
   815:         18         27         27         21         22
   820:         21         16         28         23         26
   825:         27         22         16         20         30
   830:         24         31         30         20         28
   835:         34         29         31         26         32
   840:         32         28         26         37         28
   845:         35         41         25         44         44
   850:         51         45         43         50         48
   855:         53         53         47         57         67
   860:         66         62         73         77         71
   865:         61         77         87         85        112
   870:        111        117        100        121        106
   875:        121        127        140        161        164
   880:        151        172        174        166        197
   885:        232        241        228        239        272
   890:        259        274        284        301        303
   895:        314        290        340        334        364
   900:        367        412        368        395        429
   905:        467        407        438        477        472
   910:        535        469        495        529        513
   915:        537        550        548        526        557
   920:        530        544        549        570        560
   925:        588        576        569        602        545
   930:        570        556        547        532        521
   935:        537        552        531        468        508
   940:        557        469        432        424        443
   945:        478        402        421        423        409
   950:        370        361        348        351        342
   955:        322        291        288        283        277
   960:        269        222        245        263        194
   965:        213        163        167        150        152
   970:        152        157        138        116        115
   975:         99         93         86         84         72
   980:         81         74         72         43         48
   985:         40         42         42         36         36
   990:         34         28         27         29         23
   995:         27         16         16         19         12
  1000:         22         13         11         12         10
  1005:         13         16         10          3          8
  1010:          9          7          8          5          6
  1015:          8          4          6          7          4
  1020:          7          4          4          2          4
  1025:          2          4          9          5          7
  1030:          1          5          5          3          6
  1035:          3          6          5          6          6
  1040:          5          7          1          5          1
  1045:          5          2          4          4          2
  1050:          6          1          3          5          2
  1055:          6          7          2          5          2
  1060:          0          4          7          2          3
  1065:          5          7          4          3          6
  1070:          5          1          6          8          3
  1075:          5          2          4          2          4
  1080:          5          2          9          3          5
  1085:          2          4          2          2          1
  1090:          4          5          2          3          4
  1095:          5          4          3          2          3
  1100:          6          2          3          1          5
  1105:          2          1          5          4          4
  1110:          3          4          1          7          6
  1115:          4          4          3          1          8
  1120:          2          3          2          5          5
  1125:          2          5          4          1          3
  1130:          1          1          5          7          3
  1135:          5          5          4          2          6
  1140:          2          3          4          2          4
  1145:          3          5          4          5          2
  1150:          3          5          4          2          9
  1155:          4          2          7          5          2
  1160:          3          1          2          4          2
  1165:          4          3          1          3          2
  1170:          1          1         10          2          5
  1175:          0          4          5          2          4
  1180:          5          3          2          5          3
  1185:          8          1          1          4          3
  1190:          3          3          3          0          1
  1195:          4          5          3          2          6
  1200:          3          5          3          4          7
  1205:          5          2          3          6          1
  1210:          1          3          2          2          3
  1215:          4          2          3          3          2
  1220:          2          6          7          4          5
  1225:          6          8          1          4          3
  1230:          7          6          4          2          4
  1235:          6          4          2          1          4
  1240:          4          3          2          4          3
  1245:          6          4          8          1          3
  1250:          2          2          2          4          1
  1255:          2          5          5          1          5
  1260:          2          4          8          2          5
  1265:          7          7          3          2          1
  1270:          3          4          2          6          0
  1275:          5          3          5          2          2
  1280:          8          5          3          3          5
  1285:          0          3          6          3          6
  1290:          1          5          4          2          3
  1295:          6          4          5          3          4
  1300:          1          5          2          2          1
  1305:          2          7          5          2          3
  1310:          0          3          1          4          5
  1315:          2          1          2          1          4
  1320:          2          4          5          4          4
  1325:          2          2          3          3          2
  1330:          7          5          2          6          2
  1335:          3          6          3          3          3
  1340:          3          2          3          4          1
  1345:          3          2          1          2          1
  1350:          2          1          0          3          5
  1355:          6          4          4          2          4
  1360:          5          6          2          1          3
  1365:          5          3          2          1          1
  1370:          2          7          0          1          3
  1375:          3          5          4          3          2
  1380:          3          4          1          2          0
  1385:          3          3          5          3          1
  1390:          4          7          1          3          4
  1395:          2          3          1          3          4
  1400:          1          2          5          5          2
  1405:          5          7          4          3          1
  1410:          4          2          1          1          1
  1415:          1          0          2          3          3
  1420:          3          1          5          1          1
  1425:          3          2          1          4          4
  1430:          0          1          4          3          2
  1435:          2          3          2          0          2
  1440:          4          0          1          2          1
  1445:          2          1          4          2          4
  1450:          2          3          3          1          0
  1455:          1          0          2          1          3
  1460:          1          2          3          3          2
  1465:          3          3          4          2          2
  1470:          4          3          2          2          4
  1475:          1          2          3          1          1
  1480:          1          3          4          3          1
  1485:          0          1          1          1          3
  1490:          4          2          2          1          2
  1495:          2          3          2          2          4
  1500:          0          2          3          6          4
  1505:          3          3          4          3          3
  1510:          4          3          3          5          2
  1515:          4          4          1          5          2
  1520:          1          2          1          1          4
  1525:          2          3          3          1          1
  1530:          2          2          1          5          1
  1535:          2          2          3          3          1
  1540:          5          3          5          1          0
  1545:          6          4          2          2          3
  1550:          0          2          5          5          5
  1555:          1          4          3          3          2
  1560:          2          1          3          2          5
  1565:          1          3          6          1          3
  1570:          4          5          2          6          5
  1575:          1          1          5          3          3
  1580:          3          3          3          4          5
  1585:          3          3          1          3          2
  1590:          1          2          1          3          4
  1595:          1          1          2          0          1
  1600:          5          0          2          2          4
  1605:          1          1          1          3          4
  1610:          1          0          2          2          2
  1615:          2          3          2          1          0
  1620:          4          6          2          3          4
  1625:          2          1          1          2          5
  1630:          1          4          1          1          2
  1635:          5          2          1          4          0
  1640:          1          0          1          3          4
  1645:          0          0          1          1          0
  1650:          0          4          0          3          1
  1655:          3          2          2          4          2
  1660:          1          3          1          1          3
  1665:          0          3          1          0          2
  1670:          1          0          0          2          2
  1675:          1          1          1          2          2
  1680:          0          5          1          2          1
  1685:          4          2          1          2          0
  1690:          2          2          2          1          3
  1695:          0          2          2          1          1
  1700:          2          1          2          0          1
  1705:          1          1          2          0          0
  1710:          2          1          1          1          3
  1715:          0          0          1          4          0
  1720:          2          2          2          1          1
  1725:          2          1          3          1          4
  1730:          1          3          1          0          2
  1735:          3          0          3          1          3
  1740:          1          2          2          1          1
  1745:          1          0          0          0          1
  1750:          0          0          0          0          0
  1755:          2          1          1          0          1
  1760:          3          1          0          1          4
  1765:          1          2          0          2          0
  1770:          2          0          1          5          2
  1775:          1          1          1          0          1
  1780:          0          3          1          0          0
  1785:          0          2          1          3          0
  1790:          0          2          2          0          1
  1795:          1          2          2          1          0
  1800:          3          0          0          1          0
  1805:          1          2          1          4          1
  1810:          1          0          3          3          3
  1815:          1          3          0          1          1
  1820:          1          1          2          1          0
  1825:          1          4          3          2          0
  1830:          2          3          0          1          1
  1835:          0          0          1          0          2
  1840:          2          3          0          0          2
  1845:          3          0          1          4          2
  1850:          1          0          1          1          2
  1855:          3          0          5          3          1
  1860:          0          1          1          1          0
  1865:          2          1          5          2          3
  1870:          1          2          1          2          2
  1875:          1          0          2          1          2
  1880:          0          3          0          7          1
  1885:          1          0          2          0          1
  1890:          2          1          1          2          0
  1895:          3          0          1          0          2
  1900:          2          0          1          1          0
  1905:          2          1          0          1          1
  1910:          1          1          5          2          1
  1915:          2          1          3          2          2
  1920:          3          1          0          1          1
  1925:          0          0          4          1          1
  1930:          3          4          0          4          1
  1935:          2          1          2          1          2
  1940:          5          7          2          2          2
  1945:          0          3          4          2          0
  1950:          2          5          5          2          1
  1955:          4          3          0          6          2
  1960:          2          5          3          4          2
  1965:          4          5          1          2          5
  1970:          4          3          4          8          5
  1975:          2          5          3          1          5
  1980:          4          5          2          4          4
  1985:          3          4          2          3          3
  1990:          4          2          6          2          2
  1995:          5          0          4          3          2
  2000:          3          8          4          4          1
  2005:          5          5          6          4          5
  2010:          4          4          1          5          3
  2015:          5          0          0          0          0
  2020:          0          0          0          0          0
  2025:          0          0          0          0          0
  2030:          0          0          0          0          0
  2035:          0          0          0          0          0
  2040:          0          0          0          0          0
  2045:          0          0          0
