ACQUISITION INFORMATION

Detector ID:  1
Detector description:
LAB4D1 Easy-MCA-2k SN 18162513
Sample description:

Real Time:  299.999993
Live Time:  298.779993
Acquisition start date:  05Nov2019
Acquisition start time:  18:27:24
Starting channel number:   0
Number of channels:   2048


CALIBRATION INFORMATION

ENERGY CALIBRATION
Units:
Energy Fit:  0.000000E+000  1.000000E+000  0.000000E+000
FWHM Fit:  1.000000E+000  0.000000E+000  0.000000E+000
Efficiency Terms:  0.000000  0.000000  0.000000  0.000000  0.000000
  0.000000  0.000000  0.000000  0.000000  0.000000


SPECTRUM
     0:          0          0          0          0          0
     5:          0          0          0          0        109
    10:       2508       2351        538         51         31
    15:         26         25         32         24         28
    20:         31         28         36         22         36
    25:         33         31         48         34         39
    30:         36         38         40         40         51
    35:         44         50         52         62         55
    40:         63         65         59         62         75
    45:         66         57         52         76         86
    50:         76         73         65         74         76
    55:         60         72         73         63         73
    60:         62         73         72         67         70
    65:         60         59         65         62         69
    70:         67         67         65         63         80
    75:         79         81         92         86         89
    80:         97         97         96        114         87
    85:        132         87         83        113         95
    90:        105         92        110        103        117
    95:        112        107        113        114        120
   100:        124        149        131        117        119
   105:        133        149        135        154        121
   110:        132        176        149        173        157
   115:        157        156        192        137        148
   120:        155        158        156        163        140
   125:        165        154        174        179        159
   130:        154        164        142        169        166
   135:        150        168        170        174        156
   140:        142        161        154        144        139
   145:        148        147        157        149        129
   150:        160        146        154        181        142
   155:        150        141        155        132        154
   160:        168        163        152        156        119
   165:        139        161        154        154        138
   170:        158        149        158        157        150
   175:        162        134        135        139        119
   180:        142        148        145        138        116
   185:        171        145        145        142        125
   190:        130        159        164        151        146
   195:        152        141        142        147        133
   200:        151        130        141        135        132
   205:        143        136        122        126        117
   210:        122        124        109        137        129
   215:        111        130        125        109        133
   220:        103        121        123        135        123
   225:        113        131        116         92        114
   230:        139        113        127        117        112
   235:        104         99        127        108        129
   240:        118        108        119         94        110
   245:         96        112         91         91        118
   250:        114        116        123        108         95
   255:        104         97         83         86        101
   260:        108         93        107         85        107
   265:        117         88        107        110        101
   270:         98        101         95         87         98
   275:        100        100         93         97         89
   280:         90        101        106         92        116
   285:        116        104         73        109         92
   290:         92         98         88         84         84
   295:        111         74        103        101         81
   300:         99         80         90         77         62
   305:         90         76         67         70         89
   310:         64         85         91         78         82
   315:         88         77         87         92        103
   320:         77         69         69        101         82
   325:         74         73         75         77         67
   330:         77         75         69         62         82
   335:         64         84         76         78         78
   340:         63         65         63         85         85
   345:         74         85         63         69         74
   350:         59         55         66         57         74
   355:         65         72         64         57         64
   360:         56         71         71         72         72
   365:         51         51         54         61         56
   370:         63         67         57         54         63
   375:         47         56         47         53         56
   380:         57         56         60         49         43
   385:         69         52         60         62         46
   390:         48         52         42         45         60
   395:         41         45         44         52         38
   400:         46         47         57         53         44
   405:         45         36         53         34         38
   410:         55         44         44         50         58
   415:         50         48         51         33         45
   420:         65         50         53         52         46
   425:         51         44         43         54         39
   430:         36         44         41         42         38
   435:         35         37         41         40         42
   440:         48         41         32         49         40
   445:         38         40         42         34         31
   450:         38         29         33         31         36
   455:         42         46         33         40         45
   460:         29         30         45         30         53
   465:         38         27         41         27         43
   470:         35         31         36         31         37
   475:         41         33         36         42         36
   480:         29         43         26         31         38
   485:         29         31         42         39         37
   490:         44         28         49         38         33
   495:         32         35         30         34         37
   500:         31         27         26         32         35
   505:         27         24         37         34         24
   510:         30         23         37         37         28
   515:         29         28         36         42         30
   520:         33         24         25         22         28
   525:         28         26         23         37         37
   530:         24         20         27         26         23
   535:         35         13         29         19         28
   540:         27         23         23         31         29
   545:         24         18         18         19         23
   550:         17         26         29         20         27
   555:         14         25         18         29         38
   560:         29         18         20         28         17
   565:         17         32         24         29         21
   570:         22         14         26         21         15
   575:         16         29         26         31         13
   580:         16         20         11         19         30
   585:         19         17         16         19         16
   590:         16         19         18         27         18
   595:         24         19         20         21         26
   600:         20         23         25         18         14
   605:         22         16         19         27         22
   610:         20         19         25         21         23
   615:         25         20         18         18         22
   620:         13         25         15         15         19
   625:         20         17         21         16         17
   630:         21         25         14         16         21
   635:         11         12         23         15         17
   640:         25         14         16         14         11
   645:         13         15         13          8          9
   650:         16         13         17         13         17
   655:         16         13         13         12         16
   660:         15         21         15         12         14
   665:         16         16          9         13         17
   670:         22         11         13         16         17
   675:          8         12         16         14         14
   680:          8         13          8         11         11
   685:         12          9         13         13         10
   690:          9          8         11          9          7
   695:         12         10         15          8         16
   700:          8         12          8         15         10
   705:         16         10         12          8         13
   710:         15         15         14          5          8
   715:          9         12         13         12          8
   720:         13          9          7          6         13
   725:         13         15          8         10         14
   730:         10          3         11          4         12
   735:          8          8         22         14          5
   740:         16          9         10          5         10
   745:         10          6         10         10         10
   750:         14          7         11         11          9
   755:         13         11          7          7         10
   760:          6          8          2          7         11
   765:          6          6          7          7          4
   770:         12         12         11          8          5
   775:          8         10          7         12          6
   780:         10          8          5         14         12
   785:          4         14          5          7          8
   790:          8          7          7          8          6
   795:         11         10          9         10          7
   800:         10          5          1          9         13
   805:          9          9         11         10         11
   810:          7          7          8         10         10
   815:          6         11         10          7         11
   820:         11         13          7         13          4
   825:          9          8         11          6         10
   830:         12         13          8         11         13
   835:         11         12         14         11         11
   840:         12          9          9         12         13
   845:          8          9         13         14         16
   850:         17         14         12          8         11
   855:         12         16         13         12         10
   860:         21         11         13         17         21
   865:         17         17         15         22         15
   870:         10         12          8         16         19
   875:         22         19         12         24         20
   880:         17         22         29         16         17
   885:         21         22         27         21         31
   890:         30         15         23         30         30
   895:         30         37         29         46         42
   900:         34         36         35         39         43
   905:         34         45         44         46         55
   910:         42         40         41         37         38
   915:         49         44         60         41         58
   920:         57         49         39         65         54
   925:         57         50         71         51         62
   930:         49         44         51         50         55
   935:         39         55         41         54         42
   940:         55         46         40         40         39
   945:         42         27         45         37         32
   950:         45         43         33         22         32
   955:         40         40         31         25         31
   960:         30         28         25         19         27
   965:         30         20         20         15         13
   970:         15          8         11         21         13
   975:          9         13         11          8         14
   980:          7          9         10         11          8
   985:         15         11          9          9          4
   990:          6          6          5         11          6
   995:          4          4          8          3          5
  1000:          8          5          0          4          5
  1005:          4          6          2          6          7
  1010:          2          4          4          2          3
  1015:          5          5          2          3          7
  1020:          5          8          4          4          1
  1025:          1          4          4          3          3
  1030:          6          4          4          4          6
  1035:          2          3          5          2          0
  1040:          4          2          5          2          5
  1045:          3          3          3          2          3
  1050:          4          5          2          2          6
  1055:          2          4          3          5          3
  1060:          3          1          3          2          2
  1065:          7          2          5          5          7
  1070:          3          4          2          5          5
  1075:          3          3          6          4          6
  1080:          5          3          3          2          6
  1085:          4          3          3          2          3
  1090:          6          4          3          5          3
  1095:          4          3          4          4          5
  1100:          4          3          6          3          4
  1105:          3          5          3          2          3
  1110:          3          1          1          3          7
  1115:          4          4          5          8          4
  1120:          5          6          4          0          4
  1125:          5          3          3          4          2
  1130:          1          2          2          3          5
  1135:          6          1          6          3          1
  1140:          7          4          4          2          6
  1145:          6          4          3          3          4
  1150:          2          5          6          5          2
  1155:          2          3          4          2          2
  1160:          3          3          0          2          0
  1165:          4          2          4          5          1
  1170:          3          2          1          6          3
  1175:          3          2          4          1          1
  1180:          5          6          5          4          1
  1185:          4          2          1          5          5
  1190:          5          3          5          7          2
  1195:          5          1          3          1          3
  1200:          3          4          2          5          0
  1205:          6          2          1          4          6
  1210:          4          3          2          2          3
  1215:          4          6          2          3          5
  1220:          4          3          1          2          3
  1225:          4          4          5          3          3
  1230:          3          5          3          0          0
  1235:          5          0          3          3          1
  1240:          4          1          4          5          3
  1245:          3          3          2          8          6
  1250:          5          1          4          4          2
  1255:          1          8          2          2          4
  1260:          3          2          3          1          4
  1265:          3          3          2          2          2
  1270:          5          7          2          5          6
  1275:          6          4          2          4          0
  1280:          2          4          4          2          2
  1285:          2          2          7          2          6
  1290:          5          6          4          5          3
  1295:          6          2          3          3          4
  1300:          0          2          1          2          4
  1305:          3          1          4          5          3
  1310:          2          2          2          4          3
  1315:          1          6          5          1          3
  1320:          1          3          1          2          6
  1325:          2          4          4          2          4
  1330:          5          2          4          2          2
  1335:          3          5          0          2          3
  1340:          1          3          3          2          3
  1345:          3          4          5          3          5
  1350:          3          4          3          2          1
  1355:          2          0          5          2          2
  1360:          2          3          1          3          5
  1365:          5          3          0          4          4
  1370:          5          3          2          5          2
  1375:          1          6          4          1          1
  1380:          3          3          3          5          3
  1385:          2          3          3          1          2
  1390:          2          1          2          3          2
  1395:          2          3          0          1          2
  1400:          2          4          3          2          2
  1405:          1          1          4          1          3
  1410:          3          2          1          3          2
  1415:          5          1          4          2          7
  1420:          2          3          2          2          2
  1425:          2          1          3          3          2
  1430:          0          1          2          2          3
  1435:          1          1          3          2          4
  1440:          2          2          0          1          3
  1445:          1          2          3          0          0
  1450:          0          4          1          2          1
  1455:          3          0          1          4          1
  1460:          1          4          3          2          4
  1465:          7          1          4          2          2
  1470:          3          4          1          2          0
  1475:          0          1          4          6          3
  1480:          0          2          1          5          6
  1485:          2          3          1          0          2
  1490:          1          2          3          3          2
  1495:          2          2          1          3          3
  1500:          1          3          0          3          1
  1505:          1          0          5          1          2
  1510:          3          3          3          2          8
  1515:          4          2          4          3          3
  1520:          5          4          3          3          2
  1525:          2          5          2          2          3
  1530:          1          0          2          5          2
  1535:          2          3          4          2          2
  1540:          0          1          2          2          2
  1545:          2          4          1          0          2
  1550:          1          0          4          2          3
  1555:          2          4          2          1          3
  1560:          3          2          2          4          4
  1565:          1          3          5          2          2
  1570:          2          3          2          2          3
  1575:          2          2          1          4          0
  1580:          4          3          2          1          4
  1585:          4          2          2          2          2
  1590:          2          1          1          2          0
  1595:          3          5          3          2          1
  1600:          4          4          0          2          4
  1605:          5          2          2          1          3
  1610:          5          5          2          1          1
  1615:          1          2          3          1          0
  1620:          1          4          1          4          3
  1625:          2          1          1          1          4
  1630:          1          2          0          5          3
  1635:          5          3          2          1          2
  1640:          1          2          5          1          2
  1645:          0          2          1          2          3
  1650:          3          2          2          2          0
  1655:          3          1          1          4          1
  1660:          1          1          2          2          1
  1665:          0          3          4          1          2
  1670:          2          1          2          0          0
  1675:          0          4          0          2          1
  1680:          1          1          2          2          0
  1685:          2          2          1          2          1
  1690:          0          3          3          3          0
  1695:          1          1          3          5          3
  1700:          0          0          0          1          1
  1705:          1          0          1          0          3
  1710:          3          1          2          1          0
  1715:          3          1          1          2          2
  1720:          0          2          0          0          0
  1725:          0          0          0          2          0
  1730:          0          0          1          0          0
  1735:          3          3          1          1          1
  1740:          0          0          2          2          1
  1745:          1          0          0          4          0
  1750:          1          3          2          0          1
  1755:          1          0          1          1          1
  1760:          1          0          0          1          1
  1765:          0          1          2          1          2
  1770:          1          2          2          1          4
  1775:          1          4          1          0          0
  1780:          0          0          4          1          1
  1785:          4          1          0          1          0
  1790:          2          2          1          0          2
  1795:          1          0          1          0          1
  1800:          2          0          2          2          1
  1805:          3          0          4          2          2
  1810:          0          2          3          0          0
  1815:          2          2          1          0          0
  1820:          0          1          0          1          1
  1825:          1          0          1          1          1
  1830:          1          0          1          3          0
  1835:          0          0          1          0          1
  1840:          1          2          1          1          1
  1845:          0          1          1          1          3
  1850:          0          1          1          0          1
  1855:          1          0          1          1          3
  1860:          0          0          1          1          2
  1865:          0          2          0          0          2
  1870:          2          2          2          0          1
  1875:          1          2          2          1          0
  1880:          1          0          0          1          0
  1885:          1          2          3          2          4
  1890:          0          2          0          1          0
  1895:          2          2          1          0          1
  1900:          0          1          2          3          0
  1905:          3          0          1          1          2
  1910:          1          1          2          0          1
  1915:          1          0          2          1          2
  1920:          3          0          1          1          4
  1925:          2          5          1          2          0
  1930:          0          1          7          5          1
  1935:          2          3          1          2          0
  1940:          2          0          5          3          4
  1945:          1          0          2          4          2
  1950:          2          0          2          1          4
  1955:          3          1          4          6          5
  1960:          4          5          4          4          2
  1965:          5          2          3          5          2
  1970:          2          6          2          2          7
  1975:          1          7          3          4          5
  1980:          1          5          4          4          2
  1985:          2          4          4          3          4
  1990:          1          7          3          5          4
  1995:          1          3          3          3          5
  2000:          7          2          4          2          4
  2005:          4          2          4          7          6
  2010:          3          2          4          2          5
  2015:          3          0          0          0          0
  2020:          0          0          0          0          0
  2025:          0          0          0          0          0
  2030:          0          0          0          0          0
  2035:          0          0          0          0          0
  2040:          0          0          0          0          0
  2045:          0          0          0
