ACQUISITION INFORMATION

Detector ID:  1
Detector description:
LAB4D1 Easy-MCA-2k SN 18162513
Sample description:

Real Time:  299.999993
Live Time:  298.779993
Acquisition start date:  05Nov2019
Acquisition start time:  18:14:04
Starting channel number:   0
Number of channels:   2048


CALIBRATION INFORMATION

ENERGY CALIBRATION
Units:
Energy Fit:  0.000000E+000  1.000000E+000  0.000000E+000
FWHM Fit:  1.000000E+000  0.000000E+000  0.000000E+000
Efficiency Terms:  0.000000  0.000000  0.000000  0.000000  0.000000
  0.000000  0.000000  0.000000  0.000000  0.000000


SPECTRUM
     0:          0          0          0          0          0
     5:          0          0          0          0        141
    10:       2565       2424        549         33         42
    15:         25         36         39         31         41
    20:         36         33         34         52         35
    25:         36         47         46         52         42
    30:         48         60         51         45         53
    35:         55         75         64         64         62
    40:         68         87         76         86         76
    45:         83         88         95         83         98
    50:         94        110         99        117         90
    55:         87         92         66         92         81
    60:         77         61         71         81         70
    65:         97         68         60         72         75
    70:         67         77         66         74         80
    75:         97         77         83         96         95
    80:         99         75        103         83        111
    85:        112        113        113        107        119
    90:        131        135        139        110        131
    95:        114        145        114        130        155
   100:        110        122        129        134        135
   105:        166        150        137        143        131
   110:        153        159        161        168        155
   115:        172        154        152        192        176
   120:        167        176        147        189        162
   125:        176        177        205        160        166
   130:        152        188        162        183        161
   135:        164        160        156        185        159
   140:        177        182        169        182        138
   145:        161        175        164        164        148
   150:        168        168        169        176        172
   155:        161        151        148        164        173
   160:        158        152        134        147        167
   165:        161        141        156        163        175
   170:        156        148        151        150        153
   175:        167        166        164        187        172
   180:        153        143        179        148        186
   185:        154        155        172        159        132
   190:        149        139        153        152        172
   195:        140        163        149        146        129
   200:        160        168        147        143        140
   205:        134        145        136        148        150
   210:        147        138        137        158        144
   215:        130        139        157        150        147
   220:        133        133        131        134        150
   225:        145        113        123        122        143
   230:        131        137        141        133        137
   235:        129        115         97        122        128
   240:        116        120        130        144        142
   245:        114        126        126        135        128
   250:        119        108        104        126        124
   255:        111        108        109        104        121
   260:        111        113        121        105        126
   265:        125        113        102        131        128
   270:        130        111        144        126        124
   275:        109        140        126        118        116
   280:        100        112         82        103        101
   285:        115        116         97        108        121
   290:        128        115        117        123         99
   295:        104        117        109         90         94
   300:        117         91        109         92         92
   305:         89        111        105         94         84
   310:         94        102         89         96         99
   315:        117         99         74         96         91
   320:         94         83         95         82         99
   325:         86         93         88         78         95
   330:         98         91         88         81         81
   335:         87         81        102         94         86
   340:         93         89         94         81         97
   345:         73         84         85         83         78
   350:         95         92         74         78         76
   355:         56         78         75         70         78
   360:         77         68         70         77         81
   365:         82         73         69         65         49
   370:         67         63         61         69         54
   375:         75         81         59         60         74
   380:         75         59         61         73         56
   385:         70         57         51         48         52
   390:         64         66         65         62         53
   395:         73         54         59         56         72
   400:         58         46         46         59         57
   405:         53         62         62         60         58
   410:         43         59         47         65         45
   415:         55         60         50         49         60
   420:         50         42         55         47         41
   425:         44         59         46         48         53
   430:         49         55         56         45         50
   435:         45         51         53         52         58
   440:         51         42         50         56         53
   445:         46         49         35         48         50
   450:         43         42         41         45         52
   455:         55         49         47         51         50
   460:         46         32         50         62         44
   465:         42         33         40         39         42
   470:         43         40         51         40         43
   475:         38         41         52         53         40
   480:         43         52         45         31         41
   485:         51         34         45         44         41
   490:         31         30         54         33         49
   495:         42         40         45         37         41
   500:         37         41         49         27         56
   505:         46         43         45         32         29
   510:         35         38         38         43         33
   515:         34         29         26         31         37
   520:         41         31         35         33         25
   525:         30         32         36         31         30
   530:         28         24         27         48         30
   535:         41         36         35         33         27
   540:         36         27         33         31         39
   545:         26         29         27         23         22
   550:         24         30         36         29         27
   555:         24         27         25         28         23
   560:         30         24         16         29         25
   565:         36         29         26         27         16
   570:         21         24         32         24         31
   575:         28         22         25         18         19
   580:         27         28         28         30         23
   585:         27         22         28         18         28
   590:         19         26         23         28         24
   595:         31         34         28         30         23
   600:         28         24         27         28         28
   605:         25         21         22         19         19
   610:         24         27         17         27         22
   615:         19         25         22         24         26
   620:         19         37         23         32         21
   625:         25         22         18         24         29
   630:         26         15         19         20         19
   635:         22         22         24         24         24
   640:         18         21         17         18         18
   645:         27         22         22         13         15
   650:         20         11         19         19         24
   655:         18         11         16         18         14
   660:         20         22         14         23         11
   665:         14         15         20         11         11
   670:         18         25         11         17         13
   675:         22         15         15         15         11
   680:         12         16         13         15         15
   685:         15         12          8         19         12
   690:         16         21         12         15         14
   695:         10         22         18          7         10
   700:         11         16         13         17         13
   705:         18         16         13         15         15
   710:          9         11         17         15         11
   715:         11         14         13          9         12
   720:          7         13         11         12         13
   725:          7          9          8         11          8
   730:          8          9         10          8          7
   735:         16         16          6         10         10
   740:         11         13         14         16          9
   745:         10         16         15          5         13
   750:         15          5         10         14         10
   755:         10          9          6         13         10
   760:         13          9         16          9         10
   765:          5          9         12         11         11
   770:          8          7          5         13         12
   775:         13         13          8         14         10
   780:         13         17         15         11          8
   785:         11          6         10          4          8
   790:         15         17          9          8         14
   795:         13         10          7          7         10
   800:         13          9          9         12         10
   805:          8         13          9          9          6
   810:          8         10          9         14         14
   815:          8         14         12         12         11
   820:          7         10          8         12         11
   825:         12         15         10         11         12
   830:         11         13         11         16         12
   835:         12         11         14         16          8
   840:          6          6         13         16          8
   845:          6         12         17         20         11
   850:         16         13         13         14         16
   855:         19         12         17         20         19
   860:          9         14         20         21         21
   865:         25         22         24         20         25
   870:         23         15         19         20         15
   875:         25         26         39         22         30
   880:         34         32         31         40         28
   885:         43         37         54         55         42
   890:         40         41         43         37         46
   895:         60         60         61         60         47
   900:         50         55         65         60         53
   905:         67         58         72         85         71
   910:         56         63         71         85         67
   915:         84         85         89         61         78
   920:         97         75         81         81         86
   925:         78         91         87         77         83
   930:         96         86         84         71         94
   935:         79         74         76         91         78
   940:         81         66         93         70         69
   945:         69         59         77         61         75
   950:         62         63         41         50         49
   955:         62         46         46         39         48
   960:         56         41         33         29         30
   965:         20         34         30         27         27
   970:         31         22         25         21         16
   975:         20         11         16         20         11
   980:         14         17          8         12          9
   985:          9          7         12         10          8
   990:          9          6          6          6          6
   995:          7          5          4          9          2
  1000:          6          4          5          5          7
  1005:          5          5          2          4          5
  1010:          6          8          4          0          6
  1015:          4          4          5          7          2
  1020:          6          7          0          5          4
  1025:          4          2          3          3          1
  1030:          5          7          4          4          4
  1035:          4          4          1          4          4
  1040:          3          6          2          2          5
  1045:          7          7          4          4          4
  1050:          2          3          4          3          4
  1055:          2          4          3          5          4
  1060:          5          6          3          4          3
  1065:          6          3          1          3          4
  1070:          3          3          0          3          6
  1075:          2          2          5          3          5
  1080:          6          2          5          6          7
  1085:          3          2          1          6          3
  1090:          5          3          1          3          4
  1095:          5          1          1          4          4
  1100:          6          5          4          2          2
  1105:          4          5          6          4          6
  1110:          7          5          3          4          2
  1115:          3          6          3          5          2
  1120:          3          2          1          2          3
  1125:          2          6          3          4          4
  1130:          1          3          2          3          4
  1135:          3          7          0          6          1
  1140:          3          3          1          8          3
  1145:          3          4          5          4          3
  1150:          4          2          3          3          4
  1155:          4          5          6          5          1
  1160:          3          5          0          4          5
  1165:          2          4          2          5          3
  1170:          2          2          2          6          3
  1175:          3          3          5          4          6
  1180:          2          0          0          4          8
  1185:          4          1          3          0          3
  1190:          4          3          2          7          3
  1195:          4          6          2          2          2
  1200:          1          2          2          7          1
  1205:          4          2          4          1          8
  1210:          3          2          4          2          4
  1215:          4          5          3          3          4
  1220:          1          3          1          1          3
  1225:          2          4          5          3          3
  1230:          4          7          2          1          1
  1235:          2          2          6          7          4
  1240:          4          1          2          5          4
  1245:          1          2          1          2          2
  1250:          6          1          2          3          5
  1255:          1          3          6          2          3
  1260:          8          2          1          2          5
  1265:          3          2          9          4          3
  1270:          6          5          5          1          2
  1275:          8          1          4          2          5
  1280:          3          1          1          4          3
  1285:          3          2          6          2          7
  1290:          0          2          9          7          3
  1295:          2          2         10          4          2
  1300:          3          2          6          4          3
  1305:          5          2          1          2          2
  1310:          0          6          3          3          6
  1315:          3          5          2          2          4
  1320:          1          0          3          2          6
  1325:          3          3          1          5          4
  1330:          2          4          4          4          1
  1335:          1          3          6          6          2
  1340:          3          3          3          3          2
  1345:          4          6          3          1          2
  1350:          3          1          2          2          0
  1355:          3          0          3          3          6
  1360:          4          2          2          2          1
  1365:          3          1          2          2          5
  1370:          2          5          7          2          4
  1375:          1          2          3          1          2
  1380:          5          1          1          2          5
  1385:          3          1          2          1          1
  1390:          1          4          1          3          3
  1395:          3          3          3          2          3
  1400:          1          4          4          2          0
  1405:          1          3          4          2          3
  1410:          2          2          0          4          1
  1415:          5          3          3          3          4
  1420:          5          5          1          4          1
  1425:          0          1          2          5          3
  1430:          3          2          0          4          5
  1435:          1          1          4          5          5
  1440:          1          0          2          2          1
  1445:          1          1          2          3          4
  1450:          1          2          4          1          1
  1455:          1          3          1          0          2
  1460:          4          2          2          3          2
  1465:          1          2          4          2          3
  1470:          0          2          1          2          2
  1475:          1          2          3          6          1
  1480:          4          3          4          2          4
  1485:          4          5          2          2          4
  1490:          4          3          4          4          3
  1495:          1          2          4          3          1
  1500:          0          3          0          5          2
  1505:          5          0          4          5          2
  1510:          2          2          0          5          2
  1515:          4          7          4          2          5
  1520:          3          2          3          3          2
  1525:          2          1          5          3          1
  1530:          3          1          4          4          4
  1535:          3          2          5          3          2
  1540:          0          7          3          2          3
  1545:          5          3          3          3          2
  1550:          1          1          1          1          0
  1555:          1          0          4          2          1
  1560:          3          5          0          0          4
  1565:          3          5          6          4          1
  1570:          1          2          2          2          2
  1575:          3          1          4          3          3
  1580:          1          5          2          2          3
  1585:          4          4          1          3          2
  1590:          1          2          3          2          5
  1595:          4          1          3          3          2
  1600:          5          3          0          1          2
  1605:          3          1          1          2          4
  1610:          3          2          0          3          4
  1615:          4          2          2          2          5
  1620:          1          2          1          2          2
  1625:          0          2          2          3          5
  1630:          1          2          3          3          3
  1635:          2          0          1          0          2
  1640:          3          2          2          0          4
  1645:          1          1          4          0          1
  1650:          4          1          2          4          3
  1655:          3          0          1          1          4
  1660:          1          2          0          0          0
  1665:          2          1          0          1          1
  1670:          1          4          3          2          2
  1675:          0          0          0          1          2
  1680:          2          3          0          3          0
  1685:          2          2          1          2          1
  1690:          2          3          1          2          1
  1695:          1          3          2          2          1
  1700:          3          0          2          0          2
  1705:          0          0          2          0          0
  1710:          1          2          4          0          5
  1715:          1          1          2          3          2
  1720:          3          1          2          0          3
  1725:          1          2          2          2          2
  1730:          1          0          1          2          0
  1735:          2          0          0          0          1
  1740:          0          2          1          0          5
  1745:          0          3          1          3          3
  1750:          0          2          0          1          1
  1755:          2          2          0          0          2
  1760:          3          2          1          0          1
  1765:          0          1          1          0          1
  1770:          1          0          1          2          2
  1775:          3          1          1          0          1
  1780:          4          0          0          0          1
  1785:          0          1          1          2          2
  1790:          0          0          0          0          0
  1795:          1          4          2          1          3
  1800:          2          3          1          0          1
  1805:          2          0          5          1          1
  1810:          1          2          1          2          2
  1815:          0          2          0          2          2
  1820:          0          0          2          0          2
  1825:          0          0          1          1          4
  1830:          0          1          2          0          0
  1835:          0          0          2          2          1
  1840:          0          1          0          2          2
  1845:          0          1          0          0          1
  1850:          1          1          0          1          0
  1855:          0          0          0          3          2
  1860:          1          0          2          1          1
  1865:          1          0          1          2          1
  1870:          0          0          0          1          1
  1875:          3          2          0          1          1
  1880:          0          2          2          0          1
  1885:          1          1          0          3          0
  1890:          1          2          0          2          1
  1895:          0          4          1          0          0
  1900:          1          2          1          2          4
  1905:          1          1          3          0          0
  1910:          1          1          1          1          1
  1915:          1          1          1          2          2
  1920:          2          6          1          2          1
  1925:          0          2          1          0          2
  1930:          2          0          4          4          5
  1935:          3          2          5          2          2
  1940:          3          2          2          1          3
  1945:          3          5          6          5          2
  1950:          1          1          2          3          5
  1955:          4          3          1          2          5
  1960:          9          2          2          0          4
  1965:          4          0          2          6          4
  1970:          2          4          3          0          7
  1975:          4          1          4          2          0
  1980:          7          8          3          5          5
  1985:          4          4          9          6          4
  1990:          5          7          2          2          1
  1995:          2          5          2          1          7
  2000:          2          6          5          6          3
  2005:          4          4          4          2          0
  2010:          4          6          7          2          6
  2015:          9          0          0          0          0
  2020:          0          0          0          0          0
  2025:          0          0          0          0          0
  2030:          0          0          0          0          0
  2035:          0          0          0          0          0
  2040:          0          0          0          0          0
  2045:          0          0          0
