       0
       0
       0
       0
       0
       0
       0
       0
       0
    5060
   38853
   31714
    7813
     542
     307
     319
     269
     260
     252
     257
     251
     316
     272
     296
     272
     299
     287
     302
     313
     333
     366
     342
     364
     382
     442
     462
     495
     562
     573
     553
     630
     691
     730
     764
     772
     905
     908
     961
    1070
    1153
    1199
    1264
    1295
    1263
    1204
    1185
    1065
     985
     911
     808
     751
     689
     632
     536
     491
     466
     413
     396
     380
     315
     368
     311
     359
     343
     336
     370
     368
     338
     344
     362
     339
     348
     322
     364
     344
     367
     403
     355
     403
     373
     435
     363
     361
     410
     415
     417
     391
     447
     406
     429
     444
     491
     458
     478
     429
     447
     469
     514
     493
     470
     503
     531
     454
     494
     492
     555
     526
     494
     536
     521
     514
     479
     498
     497
     546
     495
     467
     505
     478
     530
     504
     466
     501
     522
     467
     484
     462
     483
     502
     549
     505
     471
     494
     537
     491
     497
     502
     470
     506
     487
     510
     491
     491
     472
     519
     532
     457
     527
     491
     504
     498
     496
     479
     501
     500
     474
     491
     525
     487
     510
     503
     504
     517
     539
     541
     501
     487
     521
     517
     493
     488
     502
     526
     520
     596
     507
     514
     545
     532
     546
     552
     550
     542
     552
     549
     525
     545
     550
     514
     506
     544
     539
     526
     555
     536
     603
     543
     489
     536
     533
     556
     548
     531
     531
     503
     512
     545
     539
     519
     511
     514
     509
     535
     560
     538
     528
     484
     543
     501
     547
     493
     544
     553
     539
     498
     557
     563
     504
     521
     513
     532
     508
     528
     506
     526
     494
     504
     549
     550
     565
     561
     506
     555
     527
     532
     566
     535
     559
     597
     579
     586
     523
     603
     560
     611
     562
     600
     634
     618
     629
     614
     645
     633
     627
     660
     680
     675
     670
     655
     673
     652
     716
     695
     674
     759
     733
     698
     719
     731
     715
     703
     761
     710
     673
     719
     682
     686
     706
     695
     694
     679
     650
     631
     691
     652
     652
     722
     641
     660
     663
     636
     644
     625
     646
     590
     619
     617
     560
     642
     574
     638
     614
     600
     575
     581
     595
     538
     612
     544
     542
     565
     530
     550
     553
     574
     563
     539
     527
     570
     524
     540
     495
     515
     519
     516
     532
     532
     477
     527
     499
     474
     498
     545
     506
     510
     488
     492
     518
     447
     455
     496
     494
     496
     468
     445
     432
     482
     448
     436
     470
     419
     453
     474
     416
     434
     443
     441
     389
     448
     439
     417
     402
     401
     416
     391
     434
     378
     403
     396
     398
     457
     384
     396
     404
     439
     397
     406
     384
     359
     379
     336
     372
     358
     343
     368
     388
     372
     342
     325
     339
     376
     368
     347
     341
     370
     377
     368
     341
     346
     352
     352
     320
     335
     299
     338
     338
     358
     356
     343
     319
     345
     318
     334
     320
     337
     341
     318
     324
     345
     308
     340
     349
     340
     310
     300
     320
     309
     296
     348
     326
     292
     306
     302
     271
     294
     302
     303
     308
     286
     286
     325
     336
     269
     320
     291
     277
     278
     292
     287
     291
     298
     285
     298
     266
     280
     279
     300
     296
     264
     287
     315
     272
     274
     291
     257
     264
     255
     277
     289
     255
     297
     302
     297
     261
     293
     288
     284
     275
     293
     256
     247
     249
     313
     310
     289
     259
     242
     294
     259
     266
     289
     278
     252
     279
     298
     269
     280
     266
     289
     271
     258
     267
     237
     258
     273
     242
     247
     267
     252
     245
     293
     239
     274
     260
     245
     249
     249
     252
     258
     287
     249
     239
     243
     234
     241
     228
     220
     266
     229
     268
     232
     243
     233
     245
     276
     275
     260
     247
     273
     259
     275
     242
     251
     263
     254
     239
     278
     283
     249
     254
     233
     255
     266
     244
     248
     279
     298
     252
     234
     245
     282
     267
     288
     241
     261
     230
     277
     254
     260
     225
     261
     262
     253
     264
     252
     259
     264
     286
     262
     270
     258
     255
     267
     256
     257
     242
     272
     252
     238
     246
     268
     263
     275
     263
     266
     236
     274
     247
     299
     243
     249
     222
     253
     274
     255
     248
     259
     273
     251
     260
     281
     255
     257
     244
     227
     234
     254
     257
     237
     216
     245
     237
     238
     234
     237
     224
     231
     201
     208
     215
     194
     203
     223
     205
     220
     214
     208
     197
     211
     199
     161
     201
     184
     181
     179
     186
     162
     167
     162
     162
     156
     162
     167
     170
     140
     163
     147
     135
     134
     138
     142
     130
     150
     124
     102
     123
     133
     113
     119
     107
     118
     118
     122
     111
     112
     109
     102
      89
     107
      83
     107
      99
     100
      93
     108
     106
      92
      84
      95
      85
      77
      83
      76
      78
      90
      79
      98
      73
      95
      79
      87
      71
      75
      64
      71
      77
      72
      67
      58
      75
      75
      75
      76
      57
      67
      62
      72
      77
      66
      58
      71
      47
      71
      56
      51
      59
      55
      63
      63
      64
      70
      56
      56
      42
      73
      43
      67
      66
      66
      54
      57
      50
      58
      57
      56
      29
      51
      58
      55
      35
      57
      47
      55
      49
      48
      43
      54
      55
      61
      50
      39
      56
      44
      35
      48
      44
      44
      51
      53
      47
      46
      41
      46
      43
      42
      38
      45
      48
      47
      43
      46
      58
      50
      34
      48
      38
      31
      39
      41
      48
      32
      43
      52
      46
      28
      53
      43
      51
      54
      46
      34
      40
      42
      39
      45
      46
      51
      38
      39
      53
      50
      63
      43
      39
      56
      47
      49
      53
      55
      53
      55
      56
      45
      53
      38
      64
      59
      65
      75
      57
      63
      68
      76
      70
      72
      77
      78
      89
      76
      89
      88
      99
     100
     100
     101
     116
     116
     112
     125
     112
     135
     153
     149
     164
     192
     184
     204
     202
     204
     222
     243
     261
     227
     264
     308
     309
     307
     327
     332
     366
     372
     366
     401
     396
     471
     464
     496
     489
     552
     544
     604
     578
     647
     654
     658
     741
     767
     810
     783
     846
     864
     961
     958
     967
     976
    1001
    1069
    1094
    1079
    1142
    1222
    1175
    1232
    1191
    1214
    1233
    1326
    1273
    1264
    1329
    1337
    1343
    1348
    1367
    1381
    1406
    1408
    1425
    1405
    1404
    1421
    1513
    1472
    1402
    1424
    1331
    1384
    1364
    1374
    1305
    1317
    1302
    1307
    1296
    1270
    1192
    1172
    1115
    1164
    1055
    1072
    1019
    1017
     918
     881
     899
     864
     809
     830
     745
     701
     703
     660
     655
     588
     632
     560
     482
     501
     452
     463
     414
     380
     374
     381
     327
     304
     270
     232
     256
     236
     204
     194
     181
     179
     152
     130
     118
     135
     122
     114
      95
      94
      81
      61
      78
      59
      63
      64
      52
      54
      29
      32
      37
      22
      34
      16
      23
      20
      23
      20
      11
      16
      14
       8
       9
      14
       7
       6
      10
       8
       7
       6
       7
       8
       3
       8
       6
       7
       8
       4
       4
       6
       8
       7
       4
       7
       6
       6
      11
       7
       4
       3
       5
       8
       5
       4
       6
       6
       7
       7
       4
       7
       5
       5
       5
       8
       4
       3
       3
       6
       1
       7
      10
       2
       7
       6
       8
       3
       3
       4
       6
       7
       4
       5
       6
       7
       4
       6
       6
       6
       6
       7
       5
       4
       6
       5
       6
       5
       5
       5
       7
       3
       9
       4
       8
       0
       4
       3
       8
       2
       7
       3
       5
       6
       5
       1
       8
       3
       7
       4
       4
       9
       6
       4
       5
       5
       5
       6
       2
       4
       4
       4
       8
       4
       5
       4
       4
       3
       1
       6
       4
       6
       3
       5
       4
       2
       1
       3
       5
       2
       3
       2
       2
       5
       3
       5
       5
       4
       1
       4
       3
       6
       2
       1
       4
       4
       5
       4
       3
       2
       5
       0
       3
       4
       4
       5
       2
       6
       7
       2
       6
       3
       1
       6
       1
       7
       7
       7
       7
       5
       5
       7
       5
       7
       6
       3
       5
       1
       5
       3
       3
       4
       4
       2
       0
       4
       2
       3
       6
       2
       3
       1
       3
       0
       4
       6
       2
       4
       5
       5
       7
       2
       5
       5
       3
       6
       4
       1
       4
       2
       2
       0
       5
       1
       5
       4
       6
       6
       6
       4
       5
       4
       2
       5
       2
       2
       4
       4
       5
       1
       5
       6
       4
       4
       4
      11
       3
       6
       2
       2
       6
       3
       5
       4
       3
       5
       5
       2
       4
       4
       5
       6
       5
       2
       5
       5
       2
       4
      10
       5
       5
       9
       7
       4
       4
       2
       5
       5
       3
       4
       5
       4
       7
       3
       6
       2
       4
       8
       5
       4
       7
       3
       7
       6
       5
       1
       5
       4
       4
      10
       3
       6
       4
       7
       3
       4
       4
       5
       8
       2
       7
       3
       5
       5
       3
       2
       3
       3
       8
       4
       4
       1
       1
       3
       3
       4
       5
       6
       5
       3
       2
       5
       4
       2
       3
       3
       6
       3
       1
       2
       1
       2
       1
       3
       1
       5
       2
       3
       4
       2
       3
       5
       4
       7
       0
       5
       2
       4
       3
       5
       2
       1
       5
       1
       5
       3
       6
       1
       1
       3
       3
       2
       2
       4
       5
       0
       3
       3
       0
       0
       3
       2
       2
       4
       2
       1
       3
       2
       1
       1
       4
       3
       4
       5
       3
       7
       2
       0
       2
       1
       1
       5
       1
       3
       2
       2
       3
       0
       1
       2
       2
       3
       3
       4
       8
       3
       1
       1
       4
       1
       5
       1
       0
       2
       2
       2
       2
       1
       4
       4
       0
       2
       1
       1
       1
       6
       4
       1
       1
       4
       2
       4
       6
       2
       3
       3
       0
       2
       3
       2
       5
       1
       1
       2
       0
       2
       3
       2
       5
       2
       1
       3
       4
       3
       3
       1
       6
       5
       1
       2
       4
       6
       3
       5
       1
       3
       2
       2
       2
       1
       1
       5
       4
       3
       2
       5
       2
       1
       2
       2
       3
       4
       3
       2
       3
       3
       2
       1
       0
       0
       4
       1
       2
       0
       0
       0
       1
       3
       4
       3
       2
       1
       2
       1
       1
       4
       1
       6
       1
       0
       2
       3
       4
       0
       7
       2
       5
       3
       1
       2
       2
       3
       4
       1
       5
       3
       2
       5
       5
       7
       2
       5
       3
       0
       7
       3
       2
       7
       1
       1
       8
       5
       4
       2
       3
       1
       4
       4
       3
       4
       3
       2
       5
       0
       4
       1
       4
       0
       2
       5
       4
       3
       1
       1
       6
       2
       5
       2
       2
       2
       1
       3
       4
       5
       1
       4
       4
       1
       2
       3
       0
       3
       2
       0
       3
       1
       3
       5
       3
       3
       2
       2
       3
       1
       4
       3
       6
       2
       6
       3
       3
       5
       2
       4
       1
       2
       2
       0
       2
       4
       2
       1
       2
       2
       3
       5
       4
       3
       0
       3
       5
       1
       2
       1
       1
       0
       1
       3
       0
       1
       1
       6
       1
       2
       0
       2
       0
       0
       2
       3
       1
       1
       1
       2
       2
       5
       2
       0
       1
       2
       2
       0
       2
       5
       1
       2
       0
       0
       3
       2
       6
       4
       1
       2
       3
       3
       4
       1
       3
       4
       4
       3
       1
       0
       3
       1
       1
       2
       4
       2
       2
       3
       3
       3
       2
       0
       3
       0
       1
       0
       1
       4
       3
       1
       1
       1
       4
       1
       3
       1
       3
       4
       2
       2
       3
       2
       2
       1
       4
       0
       0
       3
       0
       2
       1
       0
       1
       1
       0
       3
       0
       2
       2
       0
       3
       2
       2
       1
       2
       1
       2
       0
       2
       4
       2
       2
       1
       3
       0
       1
       1
       1
       0
       1
       1
       2
       2
       1
       2
       1
       0
       0
       0
       1
       1
       1
       1
       2
       1
       0
       1
       1
       2
       0
       1
       0
       1
       2
       1
       1
       2
       1
       1
       3
       3
       2
       0
       1
       1
       3
       1
       1
       1
       1
       3
       0
       1
       1
       0
       1
       2
       2
       3
       1
       3
       1
       1
       2
       1
       0
       0
       0
       1
       2
       1
       3
       0
       2
       1
       1
       1
       1
       1
       2
       0
       0
       0
       1
       1
       0
       2
       1
       1
       0
       3
       2
       1
       0
       2
       3
       2
       0
       1
       0
       1
       2
       2
       1
       1
       0
       0
       0
       0
       5
       2
       0
       0
       1
       1
       0
       2
       1
       0
       3
       0
       1
       0
       0
       2
       0
       1
       2
       3
       1
       1
       0
       3
       1
       1
       1
       0
       0
       2
       2
       1
       1
       0
       2
       1
       2
       0
       3
       0
       1
       1
       2
       2
       2
       2
       2
       1
       0
       2
       0
       4
       0
       0
       0
       1
       2
       0
       0
       3
       4
       3
       3
       1
       1
       0
       2
       1
       1
       1
       0
       3
       1
       0
       3
       0
       0
       2
       1
       2
       1
       2
       2
       4
       2
       3
       4
       0
       2
       0
       1
       4
       3
       5
       6
       2
       1
       1
       2
       1
       2
       3
       4
       3
       4
       3
       0
       5
       5
       2
       5
       2
       1
       4
       1
       2
       2
       0
       3
       5
       5
       1
       3
       4
       6
       3
       2
       2
       2
       2
       2
       2
       5
       3
       3
       3
       1
       4
       5
       2
       2
       3
       2
       2
       2
       3
       2
       1
       2
       2
       6
       7
       0
       0
       0
       0
       0
       0
       0
       0
       0
       0
       0
       0
       0
       0
       0
       0
       0
       0
       0
       0
       0
       0
       0
       0
       0
       0
       0
       0
       0
       0
       0
       0
