$SPEC_ID:
No sample description was entered.
$SPEC_REM:
DET# 1
DETDESC# LAB4D1 Easy-MCA-2k SN 18162513
AP# Maestro Version 7.01
$DATE_MEA:
11/05/2019 18:07:06
$MEAS_TIM:
298 300
$DATA:
0 2047
       0
       0
       0
       0
       0
       0
       0
       0
       0
     139
    2635
    2658
     635
      52
      48
      34
      38
      43
      38
      44
      36
      41
      57
      34
      48
      55
      42
      50
      57
      56
      62
      54
      87
      61
      74
      69
      64
      79
      85
      93
      84
      96
      94
      73
     103
      91
     105
     110
     124
     121
     128
     106
     132
     111
     126
     112
     123
      95
      97
      83
      87
      85
      74
      73
      73
      81
      85
      74
      84
      83
      89
      84
      84
      90
     113
     107
      92
      89
     114
      98
      91
      99
     108
     105
      94
     109
     109
     116
     120
     114
     111
     114
     121
     127
     116
     144
     138
     119
     159
     123
     172
     148
     149
     133
     187
     174
     162
     151
     173
     172
     171
     161
     163
     184
     165
     154
     173
     141
     175
     185
     182
     190
     177
     161
     183
     203
     171
     170
     185
     191
     192
     183
     166
     186
     186
     201
     193
     183
     194
     168
     172
     184
     164
     164
     184
     190
     167
     178
     178
     166
     176
     183
     168
     180
     175
     159
     175
     178
     156
     178
     183
     202
     210
     187
     157
     213
     159
     171
     161
     174
     195
     172
     180
     166
     167
     165
     161
     203
     183
     181
     192
     171
     172
     170
     190
     162
     164
     158
     145
     165
     169
     140
     137
     201
     151
     166
     151
     178
     165
     150
     162
     147
     165
     156
     165
     167
     162
     144
     152
     169
     151
     123
     141
     150
     131
     134
     131
     139
     136
     146
     148
     150
     134
     149
     144
     145
     153
     139
     158
     154
     142
     121
     123
     141
     148
     134
     147
     132
     156
     120
     153
     131
     122
     127
     123
     120
     144
     134
     132
     144
     153
     127
     144
     144
     122
     122
     131
     138
     140
     140
     159
     131
     119
     133
     127
     137
     145
     136
     124
     139
     150
     127
     150
     145
     124
     112
     128
     135
     118
     123
     118
     146
     140
     108
     125
     129
     134
     152
     131
     115
     130
     116
     136
     125
     123
     129
     140
     120
     115
     115
     122
     121
     111
     111
     103
     108
     113
     113
     110
     102
     103
      98
     103
     111
     102
     100
     101
     106
     104
     102
     106
      96
     105
      99
      98
     115
     106
      87
     113
      99
     102
     119
      96
     105
      99
      95
      97
     115
     106
     101
      85
      87
     102
      90
      85
      95
     102
     103
      87
      75
      88
     103
      86
      91
      76
      96
      89
      83
     109
      75
      82
      78
      81
      93
      70
      95
      76
      84
      87
      65
      83
      79
      77
      81
      79
      78
      75
      65
      76
      72
      79
      67
      59
      80
      65
      73
      76
      69
      68
      67
      57
      78
      71
      65
      60
      74
      81
      76
      74
      69
      51
      66
      71
      75
      65
      64
      61
      67
      61
      65
      57
      70
      71
      54
      52
      62
      63
      73
      58
      52
      63
      62
      65
      56
      57
      54
      47
      47
      51
      50
      65
      63
      59
      60
      74
      55
      58
      57
      64
      47
      43
      46
      71
      45
      62
      49
      41
      58
      50
      55
      60
      52
      54
      57
      69
      40
      51
      54
      51
      67
      38
      48
      55
      35
      41
      60
      56
      46
      52
      56
      50
      51
      64
      48
      41
      47
      37
      46
      44
      50
      50
      51
      43
      36
      48
      50
      45
      49
      39
      50
      49
      47
      55
      51
      51
      49
      58
      50
      41
      42
      46
      39
      49
      42
      47
      37
      36
      48
      41
      48
      38
      32
      46
      32
      39
      44
      43
      54
      40
      38
      39
      38
      41
      42
      37
      42
      41
      49
      28
      42
      32
      34
      27
      41
      33
      41
      34
      41
      33
      34
      35
      29
      34
      35
      36
      32
      39
      35
      38
      31
      30
      23
      34
      44
      37
      37
      27
      39
      42
      22
      32
      35
      41
      33
      35
      24
      38
      41
      32
      26
      27
      38
      38
      36
      35
      38
      32
      25
      34
      41
      36
      35
      34
      32
      45
      37
      32
      28
      28
      31
      25
      30
      33
      35
      35
      31
      28
      37
      32
      19
      27
      29
      35
      39
      42
      33
      33
      31
      19
      31
      26
      28
      34
      30
      17
      29
      35
      24
      29
      32
      20
      27
      29
      16
      40
      29
      17
      29
      28
      38
      23
      20
      27
      22
      24
      26
      22
      29
      27
      26
      29
      32
      24
      14
      32
      20
      28
      19
      20
      21
      28
      24
      26
      24
      32
      20
      23
      26
      15
      29
      29
      17
      19
      17
      15
      27
      21
      13
      16
      15
      17
      17
      17
      23
      16
      15
      20
      12
      22
      16
      17
      18
      19
      12
      19
      20
      16
      20
      23
      13
      21
      13
      22
      27
      10
       9
      13
      18
       7
      18
      15
       9
       8
      11
      12
      15
      14
      17
      16
      17
      18
      20
      11
      13
       8
      18
      20
      17
      13
      11
      10
      13
      11
      16
      12
      16
      10
      10
      13
      11
      17
      23
      13
       9
      10
      11
       4
      14
      11
      10
      16
      10
       3
      16
      16
      13
      11
       9
      18
      10
      12
       7
      10
       7
      13
      13
       8
      11
      14
      12
       9
      12
       7
       9
      20
      13
      11
       9
       2
       8
      12
       9
       7
       9
      16
      10
       9
       9
       4
      11
      10
       9
       7
      12
       8
       9
      10
      10
      10
      10
       7
      11
      14
       7
       9
      11
       4
       6
       9
       8
      10
      14
       9
       9
       8
      11
      10
       3
       7
       8
      10
      13
       7
      11
      14
      12
       7
       8
      12
      10
      10
      21
      17
      10
      10
      13
       8
      17
       5
      13
      10
      15
      11
      11
      17
      22
      10
       9
       9
      10
      14
      13
      18
      10
       8
       9
      12
       9
      13
       8
      11
      10
      13
      17
      15
      24
      15
      16
      24
      26
      15
      14
      28
      16
      26
      22
      21
      24
      17
      32
      22
      19
      25
      38
      30
      23
      33
      29
      35
      43
      32
      37
      39
      40
      43
      50
      52
      40
      48
      46
      55
      54
      55
      68
      77
      66
      80
      51
      70
      52
      77
      76
      84
      96
      83
      64
      97
      98
      82
      84
      88
      96
     117
     121
     105
      97
     117
     132
     104
     121
     123
     115
     118
     116
     120
     122
     117
     110
     124
     107
     120
     103
     113
     120
     123
     110
     119
      91
     114
      98
      87
     104
      94
     105
     113
      88
      94
      95
      79
      82
      80
      75
      75
      72
      70
      65
      62
      71
      66
      69
      56
      57
      38
      48
      44
      46
      37
      37
      36
      41
      21
      32
      35
      28
      20
      32
      25
      23
      18
      17
      19
      16
      16
      19
      14
      11
      17
       9
      12
      13
      11
      13
      11
       8
      11
       4
       9
       9
       5
       7
       4
       6
       9
       7
       4
       6
       3
      10
       1
       2
       6
       6
       6
       7
       5
       6
       6
       3
       2
       6
       7
       2
       2
       2
       6
       2
       2
       5
       1
       1
       4
       1
       4
       8
       5
       5
       2
       6
       3
       5
       7
       2
       5
       5
       4
       3
       6
       5
       5
       7
       4
       3
       6
       2
       1
       3
       3
       7
       4
       4
       6
       6
       1
       5
       4
       4
       5
       3
       3
       3
       0
       3
       2
       6
       6
       1
       7
       3
      12
       4
       3
       4
       3
       4
       6
       2
       5
       7
       3
       2
       0
       1
       5
       4
       2
       3
       4
       2
       3
       3
       2
       5
       2
       7
       6
       5
       6
       5
       4
       4
       4
       2
       5
       6
       3
       1
       6
       5
       5
       3
       4
       2
       2
       4
       4
       3
       3
       6
       3
       3
       5
       2
       4
       2
       4
       5
       4
       0
       2
       5
       5
       1
       3
       1
       5
       3
       3
       5
       4
       2
       3
       2
       4
       3
       2
       2
       5
       2
       5
       3
       5
       7
       3
       4
       7
       3
       3
       3
       4
       5
       2
       5
       1
       3
       4
       4
       6
       3
       2
       0
       3
       3
       1
       4
       0
       3
       1
       3
       5
       7
       4
       6
       3
       0
       2
       3
       1
       6
       2
       2
       5
       3
       4
       3
       1
       4
       2
       3
       3
       4
       1
       4
       4
       5
       2
       2
       2
       7
       4
       3
       1
       3
       1
       5
       3
       1
       6
       2
       2
       3
       3
       4
       2
       4
       4
       6
       3
       2
       6
       3
       3
       4
       3
       4
       3
       3
       3
       0
       4
       6
       5
       2
       6
       6
       6
       5
       1
       4
       7
       1
       2
       2
       2
       3
       0
       4
       3
       5
       2
       1
       1
       3
       2
       5
       2
       5
       2
       2
       6
       2
       4
       3
       3
       2
       1
       2
       2
       3
       4
       4
       2
       4
       0
       3
       2
       5
       3
       5
       2
       2
       3
       4
       0
       4
       5
       4
       4
       3
       5
       5
       3
       5
       4
       3
       1
       1
       2
       2
       6
       4
       3
       4
       5
       5
       3
       2
       4
       1
       2
       5
       2
       5
       3
       3
       3
       3
       5
       3
       2
       2
       3
       2
       2
       3
       0
       1
       1
       1
       4
       0
       3
       4
       2
       2
       2
       4
       3
       3
       1
       0
       3
       3
       2
       1
       0
       3
       3
       1
       0
       2
       1
       5
       5
       3
       5
       3
       3
       4
       3
       2
       2
       1
       2
       2
       5
       4
       3
       7
       4
       2
       3
       1
       3
       7
       2
       1
       4
       1
       1
       1
       1
       4
       2
       1
       2
       0
       3
       1
       1
       3
       0
       2
       4
       1
       2
       1
       3
       0
       1
       2
       1
       1
       1
       1
       4
       0
       2
       3
       1
       2
       6
       0
       1
       3
       2
       2
       1
       2
       2
       3
       3
       1
       2
       4
       1
       3
       2
       2
       2
       1
       2
       1
       3
       4
       1
       3
       3
       1
       1
       3
       2
       2
       3
       0
       2
       1
       4
       3
       2
       4
       0
       2
       3
       4
       1
       1
       7
       2
       3
       4
       0
       1
       3
       2
       2
       5
       4
       2
       4
       2
       0
       0
       0
       2
       2
       2
       4
       4
       1
       2
       5
       2
       2
       1
       3
       3
       1
       2
       2
       2
       3
       1
       3
       2
       5
       2
       5
       2
       1
       0
       3
       2
       1
       1
       1
       1
       3
       5
       2
       3
       0
       4
       3
       4
       3
       2
       2
       3
       1
       2
       1
       2
       4
       1
       2
       3
       2
       3
       1
       4
       2
       1
       2
       3
       3
       2
       2
       5
       3
       1
       1
       3
       1
       3
       2
       0
       1
       1
       0
       1
       4
       2
       1
       3
       1
       0
       2
       3
       3
       5
       2
       1
       1
       4
       0
       2
       4
       2
       3
       4
       1
       0
       0
       0
       4
       3
       1
       3
       1
       5
       3
       1
       2
       2
       0
       1
       1
       2
       5
       0
       1
       1
       1
       0
       2
       1
       1
       2
       0
       1
       1
       3
       2
       4
       0
       0
       2
       3
       2
       2
       3
       1
       2
       0
       3
       1
       3
       3
       2
       3
       1
       0
       0
       2
       2
       1
       3
       0
       3
       4
       4
       4
       2
       4
       1
       1
       1
       1
       1
       3
       2
       3
       0
       2
       1
       1
       3
       3
       4
       0
       3
       3
       1
       2
       1
       1
       0
       1
       2
       0
       0
       0
       0
       2
       2
       3
       2
       2
       3
       4
       0
       0
       1
       2
       1
       0
       1
       1
       3
       1
       1
       2
       0
       3
       2
       1
       2
       2
       0
       0
       0
       1
       1
       0
       5
       0
       3
       2
       4
       1
       2
       1
       2
       0
       1
       0
       2
       0
       3
       1
       2
       2
       1
       0
       1
       0
       2
       2
       2
       1
       1
       0
       0
       1
       2
       3
       1
       0
       1
       1
       1
       1
       1
       3
       0
       2
       1
       1
       0
       1
       2
       1
       0
       1
       4
       2
       1
       1
       1
       1
       1
       0
       0
       0
       3
       1
       1
       0
       0
       2
       2
       0
       0
       0
       2
       0
       3
       2
       2
       1
       0
       1
       0
       1
       0
       1
       0
       1
       1
       3
       1
       1
       0
       3
       0
       0
       2
       1
       0
       0
       1
       3
       0
       1
       3
       1
       1
       1
       4
       2
       2
       0
       3
       1
       1
       0
       0
       1
       3
       3
       2
       0
       1
       1
       0
       0
       1
       0
       0
       0
       0
       1
       1
       0
       0
       0
       0
       3
       2
       0
       2
       1
       0
       2
       1
       0
       1
       1
       1
       2
       0
       2
       0
       2
       1
       0
       1
       2
       1
       2
       0
       1
       1
       1
       3
       1
       1
       3
       1
       1
       1
       2
       1
       0
       0
       0
       0
       2
       0
       2
       2
       3
       1
       0
       2
       0
       1
       1
       4
       0
       4
       2
       3
       0
       1
       0
       0
       1
       2
       0
       4
       0
       1
       1
       1
       0
       0
       1
       4
       0
       1
       1
       2
       2
       0
       0
       1
       3
       0
       4
       1
       2
       2
       3
       0
       0
       0
       2
       1
       5
       4
       5
       1
       3
       2
       1
       3
       4
       3
       2
       5
       5
       2
       3
       4
       2
       5
       4
       2
       4
       4
       4
       5
       3
       2
       4
       8
       6
       4
       5
       6
       8
       2
       3
       7
       6
       4
       1
       3
       2
       2
       5
       0
       5
       3
       3
       7
       4
       9
       6
       4
       9
       3
       0
       5
       5
       1
       4
       2
       6
       1
       4
       4
       6
       5
       2
       0
       3
       2
       3
       3
       5
       1
       7
       4
       7
       0
       0
       0
       0
       0
       0
       0
       0
       0
       0
       0
       0
       0
       0
       0
       0
       0
       0
       0
       0
       0
       0
       0
       0
       0
       0
       0
       0
       0
       0
       0
       0
$ROI:
0
$PRESETS:
None
0
0
$ENER_FIT:
0.000000 1.000000
$MCA_CAL:
3
0.000000E+000 1.000000E+000 0.000000E+000 keV
$SHAPE_CAL:
3
1.000000E+000 0.000000E+000 0.000000E+000
