       0
       0
       0
       0
       0
       0
       0
       0
       0
     219
    3282
    3122
     731
      74
      58
      65
      51
      47
      60
      53
      59
      52
      53
      58
      74
      67
      57
      67
      61
      77
      67
      78
      74
      96
     105
      96
     104
      89
     100
     111
     106
     104
     122
     121
     140
     120
     122
     128
     167
     189
     182
     159
     175
     172
     168
     163
     128
     119
     114
     105
     114
      94
      92
     102
      78
      92
      96
      76
      97
      99
      93
     100
     106
      94
     113
     114
     130
     103
     118
     101
      95
     104
     117
     117
     117
     128
     130
     115
     111
     146
     136
     128
     129
     133
     152
     143
     145
     143
     167
     151
     162
     167
     150
     187
     166
     183
     179
     162
     202
     181
     184
     155
     192
     169
     201
     191
     199
     202
     167
     188
     196
     209
     177
     194
     217
     194
     187
     183
     205
     201
     202
     210
     220
     223
     199
     227
     176
     190
     200
     194
     187
     168
     202
     204
     191
     179
     211
     193
     178
     209
     203
     194
     192
     198
     179
     170
     232
     164
     211
     212
     201
     205
     193
     195
     198
     201
     201
     198
     171
     214
     201
     171
     165
     161
     220
     203
     191
     206
     212
     161
     191
     183
     175
     186
     196
     178
     188
     186
     202
     198
     198
     191
     201
     206
     188
     185
     186
     199
     199
     164
     174
     178
     180
     187
     191
     193
     153
     163
     171
     168
     203
     170
     186
     208
     162
     201
     189
     181
     193
     177
     162
     172
     161
     181
     166
     138
     160
     166
     159
     170
     152
     178
     148
     155
     157
     162
     177
     167
     156
     159
     153
     170
     136
     160
     153
     159
     144
     149
     163
     150
     143
     148
     152
     148
     160
     147
     157
     153
     150
     149
     177
     169
     162
     157
     149
     174
     145
     130
     179
     175
     164
     174
     170
     159
     177
     155
     153
     178
     153
     158
     147
     159
     134
     148
     148
     155
     164
     171
     185
     159
     154
     185
     182
     166
     171
     140
     167
     136
     162
     139
     137
     156
     165
     139
     141
     155
     156
     148
     167
     144
     135
     129
     129
     147
     129
     140
     134
     137
     138
     138
     157
     134
     128
     137
     131
     117
     146
     126
     135
     145
     119
     112
     117
     129
     131
     138
     145
     139
     113
     122
     127
     138
     130
     119
     112
     118
     138
     107
     118
     105
     115
     119
     118
     129
     141
     118
     135
     131
     111
      98
     106
     110
     120
     107
     117
      85
     101
     102
      96
      94
     109
     111
     109
      96
      90
     105
      91
      95
      95
     104
      90
      90
      91
      99
      84
     107
      82
      95
      93
      91
     117
     111
      88
      88
      91
     107
      99
      85
      73
      83
      88
      96
      80
      85
      87
      71
      86
     115
      94
      83
      89
      86
      71
      74
      81
      79
      78
      82
      78
      67
      82
      58
      82
      71
      79
      76
      65
      66
      69
      89
      73
      75
      77
      71
      73
      84
      70
      66
      85
      68
      60
      73
      57
      73
      70
      92
      53
      71
      62
      81
      84
      75
      60
      60
      58
      62
      56
      65
      66
      71
      63
      46
      56
      62
      58
      56
      52
      61
      53
      53
      68
      62
      57
      40
      78
      58
      65
      56
      53
      66
      61
      63
      50
      58
      68
      52
      59
      62
      46
      59
      45
      65
      76
      60
      52
      49
      48
      63
      53
      63
      57
      44
      54
      61
      57
      47
      57
      50
      38
      53
      70
      57
      51
      55
      61
      44
      57
      48
      35
      49
      47
      49
      58
      41
      54
      43
      58
      49
      37
      51
      52
      38
      58
      57
      59
      49
      47
      44
      55
      46
      55
      45
      49
      50
      49
      48
      48
      45
      44
      50
      49
      45
      44
      37
      40
      41
      53
      44
      51
      39
      27
      46
      39
      35
      50
      43
      38
      46
      41
      42
      38
      41
      36
      49
      47
      41
      37
      40
      45
      48
      53
      45
      54
      34
      35
      48
      43
      51
      43
      37
      38
      37
      44
      47
      42
      45
      52
      37
      41
      34
      38
      51
      42
      42
      60
      44
      33
      31
      47
      38
      29
      42
      34
      35
      37
      42
      44
      38
      41
      38
      43
      44
      40
      43
      33
      44
      41
      40
      44
      38
      37
      39
      39
      39
      37
      34
      37
      40
      41
      41
      43
      39
      35
      27
      34
      32
      35
      41
      26
      36
      37
      35
      31
      29
      30
      31
      37
      32
      24
      30
      26
      25
      25
      24
      35
      20
      36
      22
      28
      29
      26
      22
      19
      22
      21
      21
      15
      14
      25
      23
      24
      18
      13
      22
      18
      20
      12
      17
      17
      18
      22
      21
      21
      13
      14
      17
      25
      19
      16
      13
      13
      21
      19
      14
      18
      18
      20
      12
      19
      24
      18
      17
      14
      11
      17
      17
      20
      20
      28
      14
      23
      15
      19
      18
      14
      14
      18
      15
      23
      18
      15
      17
      19
      11
      16
      23
      17
      12
       7
      17
      17
       9
      10
      19
      19
      13
      10
      10
      10
      16
      19
      19
      12
       8
      15
      12
      10
      21
      18
      10
      14
       8
      16
      16
      14
      11
      12
      14
      15
      14
      12
       9
       3
       8
      12
      19
      12
       8
      14
      12
       8
      14
      11
      11
      10
      21
       4
      13
      20
      13
      17
      15
       7
      10
      15
      11
      10
      14
      14
      11
      11
      17
      10
      16
      16
      16
      17
      13
       6
      18
      14
      11
      14
      18
      15
      16
      13
      11
      18
      11
      13
      12
      14
      11
      11
      15
      10
      14
       9
      10
      22
      15
      14
      14
      12
      18
      12
      15
      13
      20
      21
      12
      25
      15
      18
      19
      25
      18
      21
      17
      28
      23
      20
      19
      16
      23
      22
      22
      28
      21
      25
      29
      26
      32
      29
      41
      37
      31
      34
      43
      33
      34
      42
      38
      33
      46
      57
      36
      46
      60
      56
      52
      67
      71
      68
      71
      57
      88
      86
      79
     106
      91
      72
      90
     110
     124
     100
     105
     120
     111
     114
     118
     146
     116
     124
     129
     147
     127
     168
     137
     148
     170
     145
     191
     171
     160
     184
     171
     194
     182
     138
     173
     176
     183
     179
     179
     176
     165
     169
     165
     172
     162
     176
     190
     169
     170
     162
     150
     162
     181
     137
     173
     154
     138
     150
     160
     142
     144
     153
     121
     137
     128
     125
     106
     124
     111
      76
      85
      90
      92
      86
      82
      93
      76
      70
      56
      65
      68
      58
      59
      45
      49
      50
      42
      44
      38
      38
      20
      34
      30
      29
      32
      26
      19
      21
      19
      15
      14
      18
      16
      10
      13
      16
      12
       8
       9
      12
       5
       6
       7
       8
      12
       4
       8
       3
      11
       6
       4
       8
       6
       6
       4
       2
       6
       3
       5
       3
       2
       1
       3
       7
       3
       5
      10
       3
       5
       7
       5
       4
       4
       4
       3
       2
       5
       5
       6
       5
       5
       5
       5
       3
       4
       3
       6
       4
       1
       2
       4
       3
       5
       5
       9
       3
       4
       3
       4
       5
       5
       1
       8
       9
       3
       5
       4
       9
       6
       5
       4
       0
       4
       4
       6
       0
       7
       3
       0
       5
       5
       8
       6
       4
       6
       4
       2
       6
       5
       2
       4
       5
       3
       3
       3
       6
       1
       6
       2
       3
       3
       4
       3
       2
       3
       2
       2
       5
       1
       3
       2
       4
       3
       5
       3
      10
       4
       4
       5
       4
       0
       2
       1
       8
       2
       2
       5
       4
       3
       1
       2
       4
       2
       3
       2
       5
       4
       5
       4
       4
       6
       3
       3
       4
       4
       3
       4
       1
       6
       2
       1
       4
       5
       3
       1
       3
       5
       7
       1
       2
       3
       1
       3
       4
       1
       3
       3
       4
       3
       2
       3
       1
       4
       2
       3
       6
       6
       4
       1
       2
       2
       0
       4
       3
       1
       6
       1
       2
       3
       0
       8
       6
       2
       4
       2
       2
       2
       1
       4
       1
       6
       2
       2
       3
       4
       5
       5
       5
       1
       2
       3
       1
       2
       1
       4
       4
       1
       4
       5
       4
       7
       4
       1
       5
       4
       3
       4
       2
       5
       2
       2
       7
       6
       5
       3
       4
       2
       2
       4
       4
       2
       3
       2
       5
       3
       4
       2
       3
       2
       7
       5
       4
       5
       2
       4
       3
       6
       1
       1
       4
       4
       3
       4
       5
       3
       0
       5
       2
       4
       3
       7
       4
       3
       1
       2
       4
       3
       4
       2
       2
       4
       2
       3
       2
       2
       4
       3
       5
       1
       4
       2
       4
       4
       3
       4
       2
       2
       3
       2
       5
       4
       5
       5
       6
       7
       0
       7
       4
       5
       0
       4
       2
       5
       2
       6
       2
       5
       1
       4
       4
       4
       4
       2
       6
       4
       4
       1
       1
       3
       3
       7
       3
       3
       2
       3
       5
       4
       1
       2
       0
       4
       5
       3
       2
       1
       0
       4
       4
       2
       7
       3
       3
       3
       4
       2
       2
       1
       4
       4
       3
       0
       4
       3
       2
       2
       2
       4
       0
       4
       3
       3
       1
       3
       5
       0
       6
       4
       2
       0
       3
       1
       4
       1
       2
       0
       4
       4
       3
       1
       4
       2
       1
       0
       2
       3
       3
       4
       2
       3
       3
       4
       3
       3
       4
       2
       2
       1
       0
       2
       2
       5
       2
       1
       2
       4
       2
       1
       3
       2
       1
       3
       3
       4
       0
       1
       4
       3
       3
       2
       0
       4
       1
       3
       3
       3
       1
       3
       0
       0
       4
       3
       3
       0
       1
       2
       4
       0
       3
       4
       2
       2
       1
       2
       3
       3
       4
       1
       3
       4
       2
       2
       5
       1
       2
       1
       2
       3
       4
       2
       3
       1
       3
       2
       3
       1
       1
       1
       2
       3
       1
       2
       1
       2
       2
       2
       4
       3
       3
       4
       1
       1
       3
       2
       2
       3
       1
       4
       2
       1
       8
       1
       3
       1
       1
       1
       3
       2
       1
       4
       4
       4
       3
       2
       2
       5
       1
       6
       2
       0
       0
       2
       2
       3
       3
       1
       5
       1
       3
       3
       8
       2
       5
       1
       3
       4
       3
       4
       4
       1
       3
       4
       2
       4
       1
       2
       2
       2
       8
       3
       4
       2
       4
       0
       1
       3
       2
       3
       2
       4
       3
       2
       6
       0
       5
       2
       0
       0
       1
       3
       1
       4
       3
       1
       6
       3
       3
       2
       3
       1
       4
       1
       2
       3
       3
       2
       0
       2
       2
       1
       0
       2
       7
       5
       1
       2
       3
       4
       3
       2
       2
       1
       1
       1
       1
       2
       5
       2
       2
       4
       2
       3
       5
       2
       3
       2
       0
       1
       0
       2
       1
       3
       4
       1
       1
       1
       1
       2
       2
       2
       3
       0
       3
       4
       4
       4
       0
       1
       1
       3
       3
       4
       1
       2
       2
       2
       3
       1
       2
       3
       2
       3
       1
       1
       0
       1
       4
       2
       1
       1
       0
       3
       2
       3
       4
       1
       2
       1
       2
       1
       1
       2
       0
       4
       2
       0
       1
       1
       0
       2
       2
       0
       1
       1
       3
       3
       2
       4
       2
       1
       1
       3
       2
       1
       4
       1
       2
       1
       0
       0
       2
       1
       4
       1
       2
       1
       1
       2
       2
       1
       0
       1
       1
       0
       0
       1
       2
       1
       1
       2
       2
       1
       1
       0
       1
       3
       0
       2
       0
       0
       3
       1
       1
       3
       1
       1
       0
       1
       1
       2
       1
       2
       2
       0
       1
       2
       1
       1
       0
       0
       5
       1
       2
       1
       0
       0
       0
       3
       0
       4
       2
       1
       1
       2
       0
       0
       2
       0
       1
       0
       0
       0
       1
       2
       4
       0
       0
       1
       1
       1
       0
       2
       3
       1
       1
       0
       2
       1
       2
       2
       0
       0
       0
       1
       1
       0
       0
       0
       2
       0
       1
       1
       5
       1
       2
       0
       3
       3
       2
       0
       2
       1
       2
       3
       0
       0
       0
       1
       1
       0
       1
       0
       0
       0
       1
       2
       1
       1
       0
       0
       0
       1
       1
       1
       3
       0
       2
       2
       0
       1
       2
       0
       0
       3
       1
       1
       1
       1
       1
       0
       3
       3
       2
       2
       0
       1
       1
       0
       0
       1
       1
       1
       0
       3
       2
       0
       3
       1
       2
       1
       6
       1
       1
       1
       1
       1
       0
       0
       0
       1
       2
       0
       0
       0
       3
       0
       3
       2
       2
       0
       1
       2
       0
       0
       2
       2
       1
       1
       1
       1
       1
       1
       3
       0
       0
       2
       2
       1
       0
       1
       1
       3
       5
       2
       1
       1
       3
       1
       1
       2
       2
       1
       1
       2
       2
       0
       1
       0
       1
       4
       3
       1
       4
       0
       0
       3
       2
       3
       2
       2
       1
       2
       4
       1
       3
       1
       0
       6
       3
       4
       3
       2
       4
       0
       0
       3
       6
       2
       3
       2
       2
       4
       2
       3
       3
       7
       4
       6
       6
       2
       3
       2
       3
       3
       2
       1
       4
       2
       8
       6
       4
       6
       6
       1
       4
       5
       6
       4
       3
       2
       2
       2
       2
       5
       6
       2
       0
       3
       2
       0
       2
       8
       4
       4
       2
       1
       2
       5
       3
       5
       3
       2
       6
       0
       2
       5
       6
       3
       3
       1
       0
       0
       0
       0
       0
       0
       0
       0
       0
       0
       0
       0
       0
       0
       0
       0
       0
       0
       0
       0
       0
       0
       0
       0
       0
       0
       0
       0
       0
       0
       0
       0
