       0
       0
       0
       0
       0
       0
       0
       0
       0
     237
    3139
    2887
     669
      41
      38
      45
      55
      46
      34
      38
      35
      44
      43
      39
      40
      46
      42
      47
      51
      58
      54
      50
      54
      44
      46
      65
      36
      46
      42
      52
      64
      64
      51
      54
      57
      67
      70
      72
      68
      52
      72
      62
      60
      67
      64
      67
      68
      69
      71
      63
      61
      77
      69
      72
      65
      81
      62
      86
      85
      71
      81
      78
      70
      72
      91
      69
      98
      88
      95
      97
     104
      98
     110
     105
     111
     122
      97
     124
     126
     108
     124
     149
     122
     140
     178
     150
     152
     146
     126
     151
     150
     147
     170
     144
     173
     171
     173
     174
     152
     177
     160
     170
     170
     189
     171
     168
     172
     194
     193
     181
     201
     195
     188
     214
     183
     195
     222
     193
     201
     200
     192
     196
     208
     210
     219
     193
     188
     207
     202
     204
     200
     188
     193
     210
     200
     218
     225
     207
     211
     197
     221
     176
     193
     206
     215
     202
     179
     230
     200
     209
     198
     198
     182
     197
     206
     210
     198
     186
     230
     201
     196
     192
     171
     195
     207
     199
     186
     187
     194
     196
     191
     191
     219
     183
     202
     177
     195
     181
     182
     190
     185
     172
     177
     209
     207
     186
     159
     169
     184
     185
     178
     141
     167
     194
     177
     173
     159
     171
     169
     169
     182
     161
     183
     169
     166
     176
     187
     166
     174
     149
     196
     152
     178
     163
     157
     142
     173
     140
     160
     139
     164
     158
     172
     147
     132
     130
     134
     153
     134
     144
     164
     148
     138
     155
     141
     157
     142
     155
     160
     138
     147
     150
     138
     145
     132
     156
     144
     141
     143
     143
     160
     144
     131
     154
     121
     154
     151
     140
     137
     125
     135
     115
     159
     130
     148
     140
     140
     132
     129
     139
     137
     138
     130
     116
     143
     130
     133
     129
     120
     128
      99
     136
     120
     136
     109
     120
      98
     129
     106
     125
     111
      97
     112
     111
     113
     111
     109
     114
     107
     111
     108
     115
      90
     113
      86
     105
     102
     124
     109
     112
      97
      93
      92
      84
     117
     103
     107
      92
     105
      84
      96
      91
      99
     100
      86
      99
      98
     101
     102
     106
      88
      98
      92
      76
      94
     104
     103
      94
      90
      94
      92
      65
      90
      92
      87
      85
      79
      88
      99
      98
      78
      88
      74
      74
      78
      71
      75
      63
      76
      85
      84
      77
      61
      67
      68
      71
      76
      65
      68
      60
      67
      72
      64
      61
      69
      77
      61
      59
      65
      77
      64
      77
      64
      56
      54
      70
      56
      69
      74
      66
      54
      78
      64
      64
      71
      79
      67
      66
      76
      62
      62
      67
      42
      58
      65
      53
      54
      62
      60
      45
      60
      58
      70
      69
      57
      59
      56
      54
      60
      57
      59
      58
      68
      52
      50
      43
      56
      46
      38
      56
      51
      66
      61
      55
      45
      58
      51
      52
      63
      57
      43
      51
      53
      61
      54
      48
      58
      60
      47
      57
      51
      52
      52
      64
      50
      46
      32
      48
      50
      51
      54
      44
      40
      48
      40
      46
      43
      58
      42
      50
      55
      44
      43
      48
      56
      42
      42
      54
      47
      46
      40
      47
      50
      52
      55
      49
      60
      36
      57
      43
      37
      35
      47
      58
      56
      37
      60
      44
      47
      43
      43
      38
      52
      54
      50
      46
      44
      51
      41
      46
      48
      31
      36
      32
      44
      46
      36
      50
      32
      33
      37
      42
      41
      40
      36
      36
      40
      41
      34
      37
      38
      31
      38
      37
      30
      45
      42
      40
      28
      43
      43
      29
      28
      33
      28
      38
      36
      36
      23
      29
      41
      29
      27
      30
      32
      35
      39
      37
      35
      28
      34
      41
      33
      40
      30
      40
      31
      30
      26
      40
      37
      37
      35
      31
      33
      34
      29
      30
      34
      31
      46
      18
      34
      36
      38
      30
      36
      33
      23
      36
      36
      29
      33
      40
      50
      31
      34
      21
      24
      31
      29
      35
      28
      38
      30
      27
      30
      38
      34
      20
      42
      37
      33
      36
      28
      31
      20
      27
      28
      33
      23
      30
      39
      18
      42
      34
      39
      34
      32
      40
      32
      23
      29
      26
      30
      23
      32
      21
      20
      24
      24
      25
      25
      23
      25
      34
      32
      24
      12
      23
      21
      21
      27
      23
      23
      22
      30
      29
      25
      25
      26
      16
      24
      31
      23
      37
      20
      27
      21
      28
      31
      21
      18
      19
      18
      20
      14
      22
      23
      15
      18
      29
      33
      28
      21
      21
      26
      26
      19
      22
      21
      21
      17
      17
      16
      20
      18
      23
      20
      22
      18
      20
      20
      27
      20
      28
      15
      21
      16
      24
      16
      16
      17
      18
      20
      29
      21
      18
      26
      25
       5
      17
      15
      17
      22
      19
      18
      16
      14
      15
      19
      20
      17
      25
      20
      20
      20
      16
      18
      15
      20
      21
      20
      17
      15
      16
      19
      15
      16
      22
      22
      27
      24
      21
      19
      17
      16
      25
      17
      17
      27
      20
       9
      14
      17
      24
      14
      16
      12
      14
      14
      14
      12
      16
      20
      27
      14
      23
      25
      21
      17
      14
      18
      18
      17
      21
      14
      27
      15
      22
      20
      12
      19
      28
      19
      28
      14
      30
      15
      20
      21
      14
       9
      17
      15
      26
      17
      15
      14
      27
      17
      18
      16
      10
      19
      15
      17
      17
      22
      26
      17
      23
      17
      23
      23
      22
      11
      16
      18
      27
      26
      23
      21
      17
      15
      11
      14
      17
      23
      23
      17
      17
      14
      13
      23
      26
      19
      19
      18
      17
      20
      27
      15
      16
      20
      15
      18
      21
      26
      25
      27
      22
      26
      23
      25
      16
      38
      31
      27
      26
      20
      30
      24
      27
      35
      32
      33
      39
      31
      33
      39
      43
      31
      36
      45
      43
      41
      43
      43
      34
      32
      47
      41
      38
      48
      50
      47
      38
      49
      56
      50
      62
      51
      59
      51
      47
      62
      56
      52
      77
      66
      66
      69
      75
      69
      47
      58
      71
      58
      58
      61
      47
      62
      65
      66
      73
      51
      59
      47
      61
      53
      44
      52
      52
      49
      50
      70
      49
      61
      48
      45
      52
      49
      37
      40
      50
      44
      29
      46
      35
      39
      23
      44
      28
      31
      27
      28
      31
      30
      25
      20
      15
      23
      20
      17
      22
      15
      19
      23
      13
      15
      14
      11
      19
      13
      15
      17
      11
      10
      10
       6
       5
       6
       9
       8
       8
       5
      10
      10
       9
       5
       5
       3
       6
       3
       7
       3
      10
       8
       5
       6
       4
       6
       2
       6
       2
       5
       2
       4
       8
       3
       1
       2
       6
       3
       1
       7
       5
      10
       4
       7
       1
       2
       2
       4
       5
       3
       6
       5
       4
       5
       3
       3
       0
       5
       3
       3
       8
       4
       6
       9
       1
       6
       3
       6
       4
       2
       5
       4
       4
       0
       2
       3
       4
       2
       3
       6
       5
       1
       2
       4
       3
       3
       1
       4
       2
       2
       4
       4
       4
       2
       7
       4
       4
       5
       4
       6
       3
       5
       7
       6
       2
       1
       7
       2
       2
       1
       4
       4
       1
       6
       6
       2
       5
       2
       0
       3
       4
       2
       0
       5
       3
       4
       2
       3
       2
       2
       4
       1
       5
       2
       1
       4
       5
       6
       2
       4
       5
       6
       3
       1
       1
       5
       6
       6
       2
       1
       5
       0
       1
       1
       3
       5
       8
       3
       5
       3
       1
       4
       2
       4
       3
       2
       7
       5
       3
       6
       3
       2
       1
       2
       4
       2
       3
       1
       4
       3
       0
       5
       7
       5
       6
       1
       5
       4
       7
       2
       4
       1
       3
       2
       1
       2
       9
       0
       5
       5
       3
       4
       4
       2
       3
       5
       2
       3
       2
       2
       5
       3
       4
       0
       3
       5
       0
       2
       2
       8
       6
       2
       5
       3
       6
       7
       4
       5
       3
       1
       5
       3
       2
       2
       3
       5
       3
       3
       1
       1
       3
       1
       1
       4
       6
       2
       4
       4
       1
       4
       2
       1
       2
       3
       7
       6
       6
       4
       5
       1
       1
       4
       4
       2
       6
       5
       2
       2
       2
       3
       6
       5
       5
       3
       7
       4
       6
       5
       1
       3
       3
       0
       6
       4
       3
       8
       5
       3
       2
       5
       3
       5
       2
       3
       6
       4
       2
       1
       3
       3
       5
       3
       2
       4
       0
       3
       1
       4
       6
       3
       1
       5
       2
       4
       1
       1
       2
       1
       3
       8
       4
       2
       6
       4
       1
       3
       4
       4
       5
       3
       4
       4
       8
       2
       2
       2
       3
       1
       5
       3
       3
       7
       3
       1
       4
       4
       2
       7
       4
       2
       3
       5
       0
       3
       4
       6
       2
       1
       4
       1
       2
       7
       4
       2
       3
       3
       1
       3
       3
       3
       4
       6
       4
       1
       5
       0
       1
       6
       4
       3
       2
       5
       6
       3
       5
       3
       0
       2
       5
       2
       5
       3
       4
       2
       4
       1
       1
       1
       2
       4
       6
       3
       3
       1
       4
       1
       3
       1
       3
       3
       2
       2
       3
       4
       1
       0
       1
       4
       4
       3
       4
       0
       3
       1
       1
       1
       3
       6
       3
       3
       3
       0
       2
       4
       5
       2
       2
       2
       2
       1
       4
       5
       5
       2
       3
       4
       3
       6
       2
       2
       2
       3
       3
       1
       4
       3
       3
       2
       6
       2
       1
       5
       4
       2
       2
       4
       0
       4
       2
       1
       2
       1
       3
       2
       1
       1
       1
       0
       1
       1
       2
       2
       4
       0
       0
       1
       2
       1
       3
       6
       3
       2
       5
       3
       1
       0
       3
       3
       4
       2
       1
       1
       2
       2
       2
       3
       3
       4
       4
       5
       0
       4
       2
       1
       1
       2
       2
       3
       1
       1
       0
       0
       5
       1
       2
       3
       2
       2
       1
       4
       0
       1
       0
       1
       0
       2
       5
       2
       2
       1
       3
       3
       1
       2
       1
       2
       5
       3
       2
       2
       2
       2
       2
       2
       2
       2
       2
       1
       3
       7
       2
       5
       5
       2
       1
       0
       3
       1
       2
       5
       1
       2
       2
       3
       1
       2
       6
       2
       3
       1
       2
       1
       3
       2
       1
       2
       2
       2
       0
       1
       5
       3
       0
       1
       1
       4
       3
       2
       4
       5
       1
       3
       2
       3
       1
       1
       2
       1
       2
       3
       1
       1
       3
       4
       1
       1
       3
       5
       3
       3
       1
       2
       1
       2
       0
       1
       2
       3
       2
       3
       4
       1
       3
       1
       2
       3
       4
       5
       1
       0
       6
       1
       1
       3
       2
       1
       3
       2
       0
       3
       1
       3
       3
       4
       2
       3
       2
       6
       2
       3
       2
       3
       0
       2
       1
       2
       3
       2
       3
       2
       1
       1
       3
       1
       1
       1
       1
       3
       2
       1
       2
       2
       1
       1
       1
       1
       1
       2
       1
       1
       2
       0
       1
       0
       2
       0
       3
       4
       1
       3
       1
       1
       2
       5
       1
       0
       0
       0
       2
       1
       0
       2
       2
       2
       2
       2
       0
       3
       1
       3
       1
       0
       0
       3
       1
       2
       1
       3
       2
       3
       1
       4
       1
       2
       2
       2
       3
       5
       2
       1
       2
       3
       3
       1
       2
       0
       0
       0
       2
       2
       1
       1
       1
       2
       4
       1
       1
       1
       2
       2
       1
       1
       4
       1
       1
       0
       1
       0
       2
       1
       1
       1
       2
       2
       5
       2
       1
       2
       4
       1
       1
       2
       0
       2
       1
       1
       2
       0
       1
       0
       0
       1
       2
       3
       2
       1
       3
       0
       1
       0
       0
       1
       1
       1
       1
       0
       2
       0
       2
       2
       1
       2
       1
       1
       2
       2
       1
       1
       0
       1
       1
       2
       0
       1
       2
       2
       1
       2
       1
       1
       1
       0
       0
       0
       0
       0
       0
       0
       0
       1
       2
       1
       0
       1
       0
       2
       1
       1
       2
       2
       1
       2
       1
       1
       0
       4
       1
       0
       1
       0
       2
       1
       1
       0
       0
       1
       0
       0
       2
       1
       2
       1
       0
       2
       1
       0
       1
       1
       2
       0
       1
       0
       1
       0
       2
       1
       1
       1
       0
       2
       1
       3
       1
       1
       1
       1
       0
       0
       4
       0
       0
       1
       3
       1
       1
       2
       0
       0
       3
       3
       2
       1
       2
       2
       4
       1
       1
       1
       2
       0
       0
       1
       1
       0
       1
       0
       0
       1
       0
       3
       0
       2
       0
       0
       0
       1
       2
       1
       4
       2
       2
       2
       1
       4
       2
       1
       4
       3
       4
       0
       0
       3
       0
       2
       0
       4
       4
       3
       2
       2
       4
       3
       1
       0
       1
       2
       1
       5
       5
       0
       3
       1
       3
       3
       2
       2
       3
       3
       1
       3
       3
       2
       2
       3
       5
       5
       3
       2
       1
       6
       4
       3
       8
       2
       3
       4
       5
       6
       1
       2
       7
       4
       4
       3
       1
       5
       3
       4
       3
       2
       2
       5
       1
       4
       3
       6
       2
       6
       4
       3
       6
       4
       4
       2
       5
       7
       5
       2
       6
       0
       0
       0
       0
       0
       0
       0
       0
       0
       0
       0
       0
       0
       0
       0
       0
       0
       0
       0
       0
       0
       0
       0
       0
       0
       0
       0
       0
       0
       0
       0
       0
