$SPEC_ID:
No sample description was entered.
$SPEC_REM:
DET# 1
DETDESC# LAB4D1 Easy-MCA-2k SN 18162513
AP# Maestro Version 7.01
$DATE_MEA:
11/06/2019 10:23:30
$MEAS_TIM:
298 300
$DATA:
0 2047
       0
       0
       0
       0
       0
       0
       0
       0
       0
     288
    3550
    3210
     770
      50
      49
      46
      50
      46
      70
      62
      50
      57
      66
      47
      59
      62
      55
      66
      58
      48
      60
      62
      72
      53
      62
      61
      63
      70
      76
      59
      67
      90
      64
      55
      96
      73
      64
      78
      77
      67
      82
      85
      96
      73
      76
      68
      74
      76
     100
      80
      79
      89
      80
      79
      89
      73
      99
      76
      96
     107
      81
     106
      83
     101
      99
      96
     104
     101
      94
     103
     126
     122
     105
     117
     125
     133
     127
     113
     155
     150
     135
     134
     158
     131
     160
     179
     172
     152
     155
     178
     152
     158
     170
     205
     160
     184
     170
     188
     193
     196
     197
     195
     201
     190
     197
     190
     209
     209
     213
     209
     202
     211
     208
     198
     201
     222
     220
     242
     196
     207
     228
     191
     212
     195
     211
     207
     222
     218
     199
     227
     200
     208
     224
     202
     196
     212
     209
     235
     194
     236
     199
     217
     197
     228
     235
     226
     206
     213
     212
     220
     226
     223
     209
     184
     231
     226
     209
     219
     231
     204
     208
     235
     231
     192
     207
     228
     227
     203
     218
     227
     226
     221
     228
     209
     213
     195
     203
     236
     201
     199
     208
     185
     187
     208
     216
     189
     202
     206
     215
     183
     203
     186
     188
     215
     190
     203
     196
     191
     192
     185
     183
     177
     184
     205
     152
     181
     188
     157
     167
     174
     207
     166
     175
     207
     182
     180
     190
     186
     177
     174
     172
     171
     195
     181
     171
     154
     160
     164
     160
     169
     173
     195
     163
     180
     179
     160
     169
     203
     194
     156
     152
     154
     160
     174
     187
     154
     183
     173
     189
     148
     177
     179
     164
     171
     156
     162
     172
     178
     184
     148
     164
     173
     148
     173
     166
     176
     165
     174
     189
     176
     168
     171
     172
     160
     155
     178
     162
     166
     126
     181
     161
     156
     163
     145
     170
     138
     170
     146
     161
     163
     152
     155
     174
     164
     168
     138
     141
     131
     133
     136
     143
     112
     135
     147
     134
     138
     143
     120
     122
     145
     136
     164
     124
     129
     124
     130
     128
     118
     117
     133
     115
     159
     136
     119
     125
     153
     161
     128
     112
     126
     116
     130
     111
     114
     125
     130
     105
     119
     125
     123
     122
     119
     110
     114
     121
      99
     130
      96
      87
     104
     116
     106
     107
     100
      91
     125
     105
     119
      95
     116
      83
      93
     101
      91
     101
     107
     102
      93
     104
      99
      93
      98
      89
     109
      99
     107
      86
      86
      81
      83
      95
      89
     108
     102
      90
      94
      98
      88
      91
      84
      94
      94
      80
      77
      85
      85
      81
      78
      89
      80
      81
     107
      82
      98
      78
      83
      89
      82
      74
      95
      86
      64
      78
      70
      82
      91
      82
      73
      84
      68
      89
      97
      89
      85
      81
      87
      71
      61
      82
      68
      82
      78
      67
      74
      72
      76
      71
      77
      64
      94
      68
      63
      53
      65
      82
      77
      76
      72
      52
      84
      78
      69
      58
      72
      75
      68
      66
      71
      86
      62
      73
      69
      60
      69
      60
      52
      44
      57
      63
      77
      72
      67
      78
      56
      61
      75
      61
      56
      78
      66
      70
      65
      72
      59
      68
      75
      65
      67
      68
      73
      61
      49
      66
      55
      64
      66
      61
      68
      65
      43
      63
      61
      47
      50
      53
      63
      69
      61
      48
      53
      54
      71
      62
      67
      63
      62
      65
      50
      70
      49
      55
      53
      58
      44
      56
      43
      55
      63
      62
      57
      52
      53
      41
      50
      53
      54
      47
      54
      50
      51
      49
      60
      56
      55
      48
      55
      54
      44
      52
      33
      58
      54
      42
      55
      45
      39
      43
      61
      49
      58
      55
      59
      44
      45
      37
      50
      42
      54
      47
      54
      53
      48
      47
      46
      50
      48
      51
      36
      50
      52
      52
      42
      50
      45
      51
      59
      36
      59
      55
      38
      54
      42
      49
      58
      48
      48
      40
      46
      39
      42
      38
      51
      49
      42
      52
      30
      47
      29
      53
      42
      45
      50
      40
      45
      56
      42
      47
      55
      41
      37
      42
      48
      31
      39
      42
      44
      32
      41
      28
      36
      50
      46
      49
      35
      44
      35
      50
      42
      31
      40
      48
      38
      48
      36
      32
      35
      39
      35
      30
      27
      37
      25
      36
      25
      25
      37
      26
      25
      32
      24
      27
      29
      41
      31
      25
      22
      30
      19
      30
      37
      29
      28
      28
      35
      27
      20
      30
      30
      16
      23
      26
      20
      23
      25
      22
      24
      18
      31
      26
      24
      24
      23
      24
      27
      28
      32
      25
      20
      21
      18
      29
      18
      24
      26
      20
      18
      21
      25
      23
      22
      19
      33
      23
      23
      19
      23
      13
      26
      31
      18
      24
      23
      25
      25
      18
      17
      22
      18
      21
      16
      24
      23
      23
      17
      20
      22
      16
      17
      24
      17
      17
      17
      14
      22
      25
      12
      20
      13
      16
      25
      18
      25
      23
      16
      16
      15
      14
      13
      21
      19
      20
      12
      24
      17
      17
      21
      23
      13
      18
      12
      18
      16
      23
      15
      15
      15
      25
      14
      23
      12
      17
      10
      17
      18
      25
      20
      24
      19
      18
      22
      17
      14
      15
      16
      16
      22
      32
      16
      21
      16
      17
      10
      14
      22
      15
      15
      17
      17
      22
      15
      22
      19
      14
      19
      17
      21
      17
      15
      19
      20
      12
      23
      17
      19
      21
      24
      12
      21
      16
      21
      17
      23
      27
      17
      18
      30
      18
      20
      30
      12
      27
      12
      23
      14
      26
      23
      19
      32
      15
      21
      20
      35
      37
      26
      37
      30
      27
      26
      28
      30
      31
      29
      30
      29
      42
      28
      54
      32
      45
      47
      47
      50
      45
      60
      53
      53
      61
      65
      64
      58
      60
      74
      63
      76
      89
      65
      73
      85
      62
      86
     104
      90
      76
     106
      98
     100
      95
     113
     110
      98
     118
     137
     139
     139
     126
     129
     117
     138
     138
     153
     167
     147
     141
     142
     161
     159
     148
     144
     140
     144
     153
     163
     155
     183
     165
     166
     158
     174
     162
     151
     123
     162
     162
     149
     121
     134
     146
     145
     149
     131
     132
     112
     111
     113
     109
     117
      97
     100
      96
     114
      99
      95
      68
      77
      73
      60
      76
      74
      66
      54
      51
      49
      48
      51
      46
      44
      38
      37
      38
      32
      30
      28
      29
      31
      25
      26
      23
      17
      20
      21
      20
      18
      25
      13
      14
       9
      13
      12
      14
      13
       6
       6
       8
      10
       6
       6
       6
       5
       3
       3
       6
       6
       4
       5
       4
       4
       4
       2
       5
       4
       2
       5
       4
       5
       6
       7
       3
       1
       6
       6
       4
       6
       2
       5
       2
       3
       5
       2
       7
       3
       4
       1
       1
       3
       7
       0
       3
       4
       2
       1
       3
       4
       3
       2
       6
       4
       2
       6
       4
       5
       3
       6
       5
       5
       2
       4
       1
       4
       4
       3
       6
       1
       2
       4
       1
       5
       2
       0
       3
      11
       4
       3
       2
       1
       5
       3
       4
       4
       3
       2
       5
       4
       3
       2
       2
       5
       5
       5
       3
       2
       1
       4
       3
       2
       2
       2
       4
       1
       4
       2
       4
       2
       5
       8
       1
       5
       0
       3
       6
       3
       3
       2
       6
       3
       5
       4
       0
       3
       9
       2
       2
       2
       0
       1
       5
       3
       5
       5
       4
       3
       3
       5
       4
       6
       1
       2
       3
       3
       1
       2
       3
       5
       2
       6
       2
       4
       4
       5
       5
       3
       5
       3
       3
       2
       1
       2
       2
       4
       7
       3
       3
       1
       5
       2
       2
       1
       2
       3
       3
       6
       3
       3
       5
       5
       1
       5
       2
       5
       4
       4
       4
       4
       1
       1
       0
       5
       3
       3
       4
       5
       3
       4
       2
       2
       9
       2
       3
       0
       2
       2
       1
       3
       3
       3
       4
       4
       4
       3
       6
       1
       8
       3
       3
       6
       1
       4
       5
       2
       5
       3
       5
       4
       5
       5
       2
       3
       2
       3
       3
       2
       5
       3
       3
       7
       2
       3
       3
       4
       5
       2
       4
       2
       1
       4
       6
       0
       3
       4
       1
       4
       6
       1
       3
       5
       7
       2
       2
       4
       5
       9
       1
       3
       5
       1
       2
       4
       7
       3
       2
       5
       3
       4
       4
       1
       3
       1
       2
       1
       3
       3
       4
       5
       1
       4
       3
       4
       2
       3
       5
       5
       4
       1
       5
       1
       4
       2
       8
       3
       1
       0
       3
       1
       1
       4
       0
       4
       3
       7
       5
       3
       0
       5
       3
       4
       1
       4
       7
       4
       4
       3
       3
       5
       3
       5
       4
       1
       2
       1
       2
       2
       3
       1
       5
       2
       5
       1
       4
       3
       2
       3
       5
       1
       4
       2
       4
       8
       2
       3
       1
       4
       2
       3
       1
       5
       0
       4
       2
       5
       2
       1
       3
       3
       2
       3
       2
       3
       4
       3
       2
       3
       3
       5
       1
       0
       1
       3
       2
       2
       2
       4
       3
       6
       2
       7
       0
       6
       6
       1
       5
       1
       2
       2
       4
       2
       2
       3
       4
       3
       4
       3
       2
       0
       1
       3
       1
       3
       4
       3
       1
       3
       0
       1
       3
       1
       3
       2
       1
       3
       1
       2
       2
       1
       2
       2
       1
       1
       0
       2
       2
       8
       2
       3
       2
       0
       5
       2
       2
       3
       6
       2
       1
       2
       1
       4
       6
       2
       4
       2
       3
       0
       6
       3
       1
       1
       2
       1
       3
       1
       1
       1
       3
       2
       2
       3
       4
       2
       5
       3
       2
       4
       1
       2
       2
       3
       3
       3
       5
       2
       2
       2
       4
       3
       1
       4
       4
       1
       0
       1
       4
       1
       4
       5
       0
       7
       3
       2
       0
       0
       2
       4
       0
       1
       1
       6
       2
       1
       2
       2
       2
       5
       4
       5
       0
       3
       1
       4
       1
       1
       2
       1
       1
       5
       5
       2
       0
       2
       2
       4
       2
       1
       2
       3
       2
       3
       3
       4
       2
       1
       0
       2
       2
       3
       1
       3
       2
       1
       5
       4
       3
       1
       2
       3
       6
       3
       1
       3
       1
       5
       3
       3
       2
       2
       3
       3
       4
       1
       2
       1
       0
       3
       1
       2
       5
       1
       4
       2
       3
       3
       1
       4
       0
       0
       2
       5
       3
       2
       1
       2
       2
       2
       3
       2
       3
       1
       3
       2
       4
       2
       1
       2
       0
       2
       1
       0
       1
       5
       2
       6
       1
       2
       2
       3
       2
       5
       1
       1
       4
       2
       4
       2
       1
       4
       2
       0
       0
       2
       1
       2
       2
       0
       1
       4
       5
       1
       1
       0
       2
       4
       0
       0
       6
       1
       6
       1
       1
       0
       2
       1
       1
       0
       3
       1
       5
       0
       1
       2
       1
       2
       3
       3
       1
       1
       4
       5
       3
       0
       0
       0
       0
       1
       2
       1
       2
       1
       5
       2
       2
       0
       2
       0
       1
       0
       2
       3
       1
       1
       3
       1
       3
       2
       1
       3
       0
       1
       0
       1
       3
       2
       1
       0
       3
       0
       3
       1
       2
       2
       0
       1
       2
       0
       2
       2
       2
       2
       0
       1
       3
       2
       0
       1
       0
       1
       2
       1
       0
       2
       1
       4
       3
       3
       2
       1
       1
       1
       2
       0
       2
       0
       0
       2
       1
       2
       1
       2
       0
       1
       2
       2
       0
       2
       0
       1
       1
       2
       1
       1
       2
       1
       1
       1
       1
       2
       1
       3
       0
       1
       1
       2
       0
       0
       2
       1
       3
       1
       0
       3
       1
       1
       3
       0
       2
       1
       1
       0
       4
       0
       2
       1
       1
       0
       5
       0
       2
       1
       3
       2
       1
       0
       1
       0
       2
       4
       1
       1
       1
       0
       0
       0
       4
       1
       1
       0
       1
       0
       0
       2
       0
       0
       3
       2
       0
       0
       1
       0
       0
       3
       1
       0
       1
       2
       0
       1
       0
       0
       0
       3
       0
       2
       1
       0
       0
       1
       0
       4
       0
       1
       1
       2
       2
       2
       1
       1
       2
       0
       0
       0
       0
       0
       2
       0
       1
       1
       1
       2
       2
       1
       1
       1
       2
       0
       0
       3
       2
       1
       0
       1
       4
       0
       1
       1
       0
       0
       1
       0
       3
       2
       0
       2
       3
       0
       1
       1
       2
       0
       4
       0
       1
       1
       0
       3
       0
       0
       3
       2
       1
       1
       5
       2
       1
       1
       2
       1
       2
       2
       3
       1
       1
       0
       1
       0
       2
       3
       2
       2
       0
       3
       2
       3
       0
       0
       3
       1
       4
       1
       1
       1
       1
       3
       4
       1
       1
       2
       1
       5
       4
       3
       1
       2
       1
       6
       2
       2
       3
       4
       3
       6
       2
       1
       3
       4
       0
       1
       5
       1
       5
       3
       3
       5
       6
       4
       2
       3
       5
       1
       3
       1
       3
       5
       3
       6
       5
       2
      11
       5
       3
       5
       3
       3
       5
       5
       3
       6
       5
       5
       5
       6
       7
       6
       3
       3
       5
       3
       6
       4
       5
       3
       0
       0
       0
       0
       0
       0
       0
       0
       0
       0
       0
       0
       0
       0
       0
       0
       0
       0
       0
       0
       0
       0
       0
       0
       0
       0
       0
       0
       0
       0
       0
       0
$ROI:
0
$PRESETS:
Real Time
300
0
$ENER_FIT:
0.000000 0.000000
$MCA_CAL:
3
0.000000E+000 0.000000E+000 0.000000E+000 
$SHAPE_CAL:
3
0.000000E+000 0.000000E+000 0.000000E+000
