       0
       0
       0
       0
       0
       0
       0
       0
       0
     374
    3844
    3294
     831
      61
      46
      58
      50
      49
      55
      50
      50
      43
      64
      66
      56
      61
      50
      53
      58
      63
      43
      65
      65
      50
      59
      74
      55
      66
      69
      68
      63
      69
      76
      68
      66
      69
      68
      72
      63
      82
      66
      78
      69
      81
      83
      70
      76
      97
      81
      80
      78
      87
      84
      80
      90
      91
      86
      90
      91
      86
      91
      83
      93
      91
      87
      92
      95
     107
     115
     115
      90
     112
     106
      99
     131
     107
     115
      99
     123
     114
     127
     143
     122
     132
     156
     143
     152
     145
     135
     146
     151
     155
     151
     154
     156
     157
     151
     176
     162
     164
     177
     152
     184
     162
     178
     188
     169
     190
     185
     194
     208
     167
     191
     191
     199
     209
     178
     170
     178
     189
     207
     181
     184
     187
     198
     203
     196
     182
     190
     178
     180
     173
     182
     206
     203
     193
     207
     175
     182
     190
     186
     197
     190
     187
     190
     183
     181
     176
     201
     201
     191
     149
     183
     180
     197
     205
     196
     162
     195
     202
     210
     164
     195
     183
     199
     169
     206
     199
     174
     193
     207
     220
     188
     207
     199
     179
     171
     197
     208
     178
     204
     174
     180
     186
     161
     207
     196
     175
     186
     205
     200
     179
     175
     180
     174
     176
     151
     168
     164
     184
     168
     181
     162
     165
     155
     176
     150
     170
     171
     158
     172
     146
     160
     177
     150
     162
     155
     139
     167
     163
     173
     149
     134
     171
     162
     202
     161
     170
     176
     178
     166
     158
     170
     153
     160
     148
     170
     162
     156
     148
     171
     165
     137
     156
     158
     173
     148
     170
     171
     159
     159
     175
     156
     158
     179
     163
     144
     163
     185
     169
     149
     162
     177
     147
     170
     178
     164
     155
     155
     169
     166
     159
     148
     145
     165
     165
     149
     158
     166
     134
     158
     157
     151
     157
     174
     166
     132
     156
     153
     153
     152
     140
     164
     154
     128
     149
     146
     133
     137
     139
     142
     127
     124
     113
     122
     122
     128
     122
     133
     126
     118
     137
     128
     124
     139
     123
     109
     140
     124
     121
     131
     129
     138
     125
     125
     113
     121
     121
     127
     127
     126
     115
     114
     123
     122
     128
     114
      94
     102
     109
      99
     119
     111
     126
     110
     110
     108
     125
     105
     124
     104
     109
     108
     106
     110
     102
     122
     112
      93
     105
     111
     101
     101
      94
     102
      94
      73
      91
      95
     103
      90
     101
      88
      90
      91
      91
      94
      91
      84
      99
     104
      88
     103
      88
      89
      79
      87
      78
      84
      66
      75
      83
      65
      76
      78
      82
      93
      77
      75
      90
      69
      97
      86
      86
      90
      68
      74
      64
      67
      83
      61
      81
      88
      68
      78
      72
      76
      81
      82
      83
      94
      83
      67
      82
      74
      88
      84
      72
      83
      75
      67
      63
      74
      77
      86
      90
      71
      72
      68
      74
      81
      80
      64
      61
      82
      91
      80
      61
      73
      78
      55
      63
      72
      72
      62
      67
      72
      81
      60
      74
      62
      73
      58
      86
      82
      60
      65
      53
      64
      67
      62
      55
      60
      74
      79
      53
      67
      53
      65
      63
      68
      68
      54
      61
      60
      71
      58
      76
      72
      48
      58
      60
      57
      56
      67
      60
      65
      62
      63
      67
      66
      64
      69
      65
      58
      52
      62
      64
      60
      61
      65
      66
      55
      49
      53
      48
      60
      57
      60
      35
      54
      62
      59
      52
      55
      57
      43
      45
      57
      61
      61
      58
      68
      49
      54
      62
      45
      59
      44
      54
      57
      46
      40
      49
      45
      67
      52
      53
      61
      53
      41
      53
      41
      55
      43
      64
      43
      40
      46
      45
      49
      42
      55
      53
      37
      53
      47
      48
      80
      50
      43
      53
      57
      52
      43
      50
      57
      50
      48
      64
      49
      47
      42
      51
      48
      44
      54
      47
      63
      52
      51
      44
      42
      56
      56
      52
      45
      54
      52
      59
      51
      52
      38
      51
      57
      61
      50
      52
      52
      56
      53
      49
      44
      45
      57
      46
      63
      57
      52
      56
      43
      46
      46
      43
      32
      47
      47
      57
      43
      56
      37
      36
      47
      41
      46
      43
      35
      41
      45
      45
      36
      36
      53
      34
      34
      38
      44
      46
      46
      44
      31
      34
      40
      36
      29
      31
      38
      33
      38
      31
      26
      35
      41
      32
      27
      29
      30
      31
      31
      25
      37
      29
      31
      31
      23
      26
      19
      26
      23
      30
      31
      23
      27
      27
      21
      31
      31
      28
      35
      27
      27
      24
      26
      33
      33
      36
      31
      26
      35
      21
      28
      27
      22
      24
      23
      28
      30
      26
      22
      33
      17
      23
      26
      27
      22
      25
      35
      22
      24
      32
      17
      26
      16
      20
      29
      30
      26
      19
      33
      23
      29
      28
      18
      17
      21
      32
      25
      23
      27
      38
      20
      31
      17
      26
      15
      20
      14
      25
      22
      31
      22
      18
      28
      24
      21
      29
      14
      23
      27
      20
      19
      19
      25
      17
      23
      21
      20
      25
      23
      14
      20
      16
      21
      20
      23
      21
      19
      22
      18
      19
      21
      18
      17
      20
      17
      23
      18
      23
      31
      18
      19
      26
      15
      30
      25
      20
      16
      24
      20
      26
      16
      13
      17
      31
      25
      20
      20
      18
      25
      21
      19
      26
      22
      28
      13
      26
      19
      22
      23
      23
      31
      21
      22
      17
      33
      22
      17
      28
      30
      17
      25
      33
      14
      16
      27
      20
      22
      26
      32
      26
      17
      15
      36
      30
      26
      16
      25
      29
      36
      21
      34
      27
      28
      29
      30
      29
      42
      46
      33
      37
      40
      36
      37
      37
      37
      29
      47
      39
      43
      48
      44
      55
      49
      53
      47
      54
      70
      69
      60
      67
      62
      78
      81
      86
      83
      84
      82
     107
      97
      88
      95
      90
     106
     118
     111
     144
     128
     120
     136
     117
     139
     140
     131
     163
     156
     141
     122
     172
     171
     179
     188
     178
     166
     188
     184
     165
     168
     177
     163
     169
     169
     190
     156
     186
     169
     157
     210
     177
     159
     172
     174
     193
     174
     147
     185
     174
     163
     166
     164
     136
     155
     152
     122
     137
     130
     116
     132
     137
     108
     148
     101
     110
     103
     110
      88
     101
      83
      99
      86
      98
      70
      65
      65
      58
      63
      71
      63
      49
      42
      46
      37
      36
      46
      37
      34
      29
      30
      23
      32
      13
      17
      24
      21
      20
      23
      26
      18
      17
       9
      10
       9
      10
       7
      10
       8
      11
       6
      11
       2
       8
       5
       5
      10
       6
       4
       6
       5
       7
       7
       2
       3
       5
       8
       6
       6
       2
       1
       6
       7
       2
       5
       3
       5
       5
       0
       8
       6
       4
       6
       4
       0
       2
       5
       4
       2
       4
       3
       2
       1
       5
       3
       4
       5
       4
       3
       3
       9
       2
       8
       2
       4
       3
       3
       6
       6
       4
       3
       3
       3
       2
       8
       6
       4
       6
       0
       5
       5
       2
       4
       4
       5
       2
       5
       6
       5
       0
       3
       5
       3
       7
       5
       1
       2
       3
       6
       2
       2
       2
       4
       5
       3
       1
       2
       3
       6
       7
       4
       5
       4
       3
       2
       6
       3
       0
       2
       1
       1
       3
       4
       5
       4
       3
       3
       1
       3
       3
       0
       1
       4
       4
       2
       2
       6
       3
       3
       1
       3
       1
       2
       7
       4
       4
       6
       3
       2
       5
       2
       2
       1
       6
       2
       4
       3
       5
       2
       6
       4
       5
       4
       4
       2
       5
       3
       1
       5
       3
       5
       2
       4
       0
       0
       2
       4
       4
       3
       4
       4
       4
       2
       1
       6
       5
       8
       2
       3
       3
       3
       3
       3
       4
       2
       5
       0
       0
       6
       4
       1
       1
       4
       1
       3
       2
       2
       7
       2
       4
       3
       2
       3
       3
       4
       3
       8
       2
       2
       1
       4
       3
       4
       6
       1
       3
       0
       2
       0
       6
       2
       0
       3
       3
       6
       2
       3
       5
       3
       1
       5
       4
       3
       3
       1
       3
       5
       1
       2
       5
       4
       4
       3
       3
       1
       2
       1
       4
       2
       2
       2
       4
       6
       4
       2
       5
       5
       3
       4
       4
       2
       9
       0
       2
       0
       2
       5
       3
       1
       8
       1
       5
       4
       6
       4
       3
       2
       5
       4
       1
       3
       4
       2
       1
       3
       2
       6
       8
       3
       5
       5
       3
       6
       1
       3
       4
       4
       5
       2
       1
       3
       1
       3
       3
       3
       3
       6
       1
       2
       1
       4
       1
       1
       4
       3
       1
       3
       1
       4
       2
       2
       2
       1
       3
       4
       1
       3
       0
       6
       3
       4
       5
       3
       4
       2
       0
       1
       6
       4
       5
       7
       3
       2
       2
       5
       2
       4
       2
       2
       2
       3
       1
       7
       1
       9
       2
       4
       3
       1
       5
       3
       1
       3
       4
       1
       1
       2
       3
       1
       3
       3
       4
       1
       4
       2
       1
       2
       1
       0
       2
       4
       2
       4
       1
       4
       1
       4
       2
       1
       5
       3
       6
       2
       5
       2
       2
       5
       1
       2
       4
       4
       1
       5
       0
       3
       1
       2
       0
       3
       0
       2
       3
       2
       4
       0
       2
       1
       3
       4
       0
       4
       1
       3
       2
       1
       1
       5
       1
       2
       4
       5
       4
       1
       3
       1
       4
       1
       4
       1
       2
       5
       1
       2
       2
       2
       1
       6
       4
       4
       1
       2
       2
       4
       4
       1
       1
       1
       2
       1
       0
       3
       1
       3
       0
       0
       3
       1
       1
       4
       0
       1
       2
       4
       2
       4
       4
       2
       0
       4
       2
       0
       3
       1
       1
       1
       1
       2
       2
       3
       5
       2
       4
       1
       2
       2
       4
       2
       3
       5
       1
       0
       3
       3
       4
       1
       3
       4
       3
       2
       1
       2
       3
       1
       2
       2
       3
       3
       2
       3
       5
       3
       2
       1
       1
       4
       2
       7
       4
       5
       4
       2
       0
       1
       1
       2
       3
       0
       6
       2
       1
       7
       3
       2
       3
       2
       1
       6
       4
       1
       1
       2
       2
       6
       4
       2
       2
       2
       3
       6
       3
       6
       2
       1
       5
       4
       4
       3
       2
       3
       1
       3
       2
       3
       1
       2
       0
       2
       1
       5
       3
       6
       2
       3
       5
       5
       1
       3
       1
       1
       5
       4
       2
       0
       2
       5
       5
       5
       1
       2
       2
       3
       2
       2
       1
       1
       1
       3
       4
       1
       3
       3
       6
       4
       0
       1
       3
       3
       2
       2
       1
       1
       5
       0
       3
       5
       1
       2
       2
       3
       0
       1
       1
       0
       3
       1
       0
       1
       4
       1
       2
       2
       1
       3
       3
       3
       0
       4
       1
       4
       2
       1
       1
       1
       0
       0
       1
       0
       1
       3
       2
       5
       0
       2
       1
       1
       3
       3
       2
       1
       1
       1
       0
       0
       1
       4
       1
       2
       3
       3
       0
       3
       2
       3
       0
       1
       0
       1
       1
       1
       1
       2
       0
       2
       1
       0
       1
       0
       3
       2
       1
       1
       0
       2
       1
       0
       2
       0
       3
       2
       2
       0
       2
       1
       0
       0
       0
       2
       1
       1
       1
       1
       1
       1
       0
       0
       0
       0
       0
       0
       2
       1
       1
       0
       2
       0
       3
       0
       5
       2
       0
       1
       1
       0
       2
       1
       1
       1
       5
       0
       0
       1
       0
       0
       2
       2
       1
       2
       1
       1
       0
       1
       1
       2
       0
       2
       3
       4
       3
       0
       0
       0
       0
       0
       3
       2
       3
       2
       2
       0
       0
       0
       0
       2
       0
       3
       1
       0
       1
       2
       5
       0
       0
       0
       1
       1
       1
       2
       0
       0
       0
       2
       2
       0
       3
       3
       1
       1
       1
       1
       4
       2
       1
       0
       0
       0
       0
       1
       1
       0
       2
       1
       1
       2
       0
       2
       1
       1
       1
       0
       1
       1
       0
       0
       0
       1
       0
       2
       0
       1
       1
       2
       0
       0
       2
       2
       2
       1
       2
       0
       1
       0
       1
       0
       1
       0
       3
       0
       2
       1
       1
       1
       2
       3
       3
       1
       0
       0
       2
       1
       2
       0
       0
       1
       2
       0
       0
       1
       1
       1
       0
       1
       1
       2
       0
       2
       1
       2
       2
       1
       0
       1
       1
       2
       1
       1
       1
       0
       2
       1
       1
       2
       1
       3
       2
       2
       5
       2
       1
       2
       2
       0
       2
       0
       4
       1
       0
       4
       0
       4
       1
       0
       1
       3
       0
       1
       5
       3
       1
       1
       1
       1
       0
       0
       4
       2
       3
       1
       0
       0
       3
       0
       3
       2
       2
       1
       5
       4
       1
       1
       3
       0
       1
       2
       3
       2
       3
       4
       3
       2
       1
       3
       3
       0
       1
       1
       0
       0
       5
       3
       2
       1
       3
       4
       4
       3
       2
       3
       1
       3
       8
       9
       4
       5
       4
       1
       5
       3
       7
       6
      10
       3
       8
       2
       4
       2
       5
       3
       3
       5
       6
       5
       2
       6
       2
       4
       4
       5
       2
       4
       3
       0
       0
       0
       0
       0
       0
       0
       0
       0
       0
       0
       0
       0
       0
       0
       0
       0
       0
       0
       0
       0
       0
       0
       0
       0
       0
       0
       0
       0
       0
       0
       0
