ACQUISITION INFORMATION

Detector ID:  1
Detector description:
LAB4D1 Easy-MCA-2k SN 18162513
Sample description:

Real Time:  299.999993
Live Time:  298.299993
Acquisition start date:  06Nov2019
Acquisition start time:  09:47:42
Starting channel number:   0
Number of channels:   2048


CALIBRATION INFORMATION

ENERGY CALIBRATION
Units:
Energy Fit:  0.000000E+000  1.000000E+000  0.000000E+000
FWHM Fit:  1.000000E+000  0.000000E+000  0.000000E+000
Efficiency Terms:  0.000000  0.000000  0.000000  0.000000  0.000000
  0.000000  0.000000  0.000000  0.000000  0.000000


SPECTRUM
     0:          0          0          0          0          0
     5:          0          0          0          0        374
    10:       3844       3294        831         61         46
    15:         58         50         49         55         50
    20:         50         43         64         66         56
    25:         61         50         53         58         63
    30:         43         65         65         50         59
    35:         74         55         66         69         68
    40:         63         69         76         68         66
    45:         69         68         72         63         82
    50:         66         78         69         81         83
    55:         70         76         97         81         80
    60:         78         87         84         80         90
    65:         91         86         90         91         86
    70:         91         83         93         91         87
    75:         92         95        107        115        115
    80:         90        112        106         99        131
    85:        107        115         99        123        114
    90:        127        143        122        132        156
    95:        143        152        145        135        146
   100:        151        155        151        154        156
   105:        157        151        176        162        164
   110:        177        152        184        162        178
   115:        188        169        190        185        194
   120:        208        167        191        191        199
   125:        209        178        170        178        189
   130:        207        181        184        187        198
   135:        203        196        182        190        178
   140:        180        173        182        206        203
   145:        193        207        175        182        190
   150:        186        197        190        187        190
   155:        183        181        176        201        201
   160:        191        149        183        180        197
   165:        205        196        162        195        202
   170:        210        164        195        183        199
   175:        169        206        199        174        193
   180:        207        220        188        207        199
   185:        179        171        197        208        178
   190:        204        174        180        186        161
   195:        207        196        175        186        205
   200:        200        179        175        180        174
   205:        176        151        168        164        184
   210:        168        181        162        165        155
   215:        176        150        170        171        158
   220:        172        146        160        177        150
   225:        162        155        139        167        163
   230:        173        149        134        171        162
   235:        202        161        170        176        178
   240:        166        158        170        153        160
   245:        148        170        162        156        148
   250:        171        165        137        156        158
   255:        173        148        170        171        159
   260:        159        175        156        158        179
   265:        163        144        163        185        169
   270:        149        162        177        147        170
   275:        178        164        155        155        169
   280:        166        159        148        145        165
   285:        165        149        158        166        134
   290:        158        157        151        157        174
   295:        166        132        156        153        153
   300:        152        140        164        154        128
   305:        149        146        133        137        139
   310:        142        127        124        113        122
   315:        122        128        122        133        126
   320:        118        137        128        124        139
   325:        123        109        140        124        121
   330:        131        129        138        125        125
   335:        113        121        121        127        127
   340:        126        115        114        123        122
   345:        128        114         94        102        109
   350:         99        119        111        126        110
   355:        110        108        125        105        124
   360:        104        109        108        106        110
   365:        102        122        112         93        105
   370:        111        101        101         94        102
   375:         94         73         91         95        103
   380:         90        101         88         90         91
   385:         91         94         91         84         99
   390:        104         88        103         88         89
   395:         79         87         78         84         66
   400:         75         83         65         76         78
   405:         82         93         77         75         90
   410:         69         97         86         86         90
   415:         68         74         64         67         83
   420:         61         81         88         68         78
   425:         72         76         81         82         83
   430:         94         83         67         82         74
   435:         88         84         72         83         75
   440:         67         63         74         77         86
   445:         90         71         72         68         74
   450:         81         80         64         61         82
   455:         91         80         61         73         78
   460:         55         63         72         72         62
   465:         67         72         81         60         74
   470:         62         73         58         86         82
   475:         60         65         53         64         67
   480:         62         55         60         74         79
   485:         53         67         53         65         63
   490:         68         68         54         61         60
   495:         71         58         76         72         48
   500:         58         60         57         56         67
   505:         60         65         62         63         67
   510:         66         64         69         65         58
   515:         52         62         64         60         61
   520:         65         66         55         49         53
   525:         48         60         57         60         35
   530:         54         62         59         52         55
   535:         57         43         45         57         61
   540:         61         58         68         49         54
   545:         62         45         59         44         54
   550:         57         46         40         49         45
   555:         67         52         53         61         53
   560:         41         53         41         55         43
   565:         64         43         40         46         45
   570:         49         42         55         53         37
   575:         53         47         48         80         50
   580:         43         53         57         52         43
   585:         50         57         50         48         64
   590:         49         47         42         51         48
   595:         44         54         47         63         52
   600:         51         44         42         56         56
   605:         52         45         54         52         59
   610:         51         52         38         51         57
   615:         61         50         52         52         56
   620:         53         49         44         45         57
   625:         46         63         57         52         56
   630:         43         46         46         43         32
   635:         47         47         57         43         56
   640:         37         36         47         41         46
   645:         43         35         41         45         45
   650:         36         36         53         34         34
   655:         38         44         46         46         44
   660:         31         34         40         36         29
   665:         31         38         33         38         31
   670:         26         35         41         32         27
   675:         29         30         31         31         25
   680:         37         29         31         31         23
   685:         26         19         26         23         30
   690:         31         23         27         27         21
   695:         31         31         28         35         27
   700:         27         24         26         33         33
   705:         36         31         26         35         21
   710:         28         27         22         24         23
   715:         28         30         26         22         33
   720:         17         23         26         27         22
   725:         25         35         22         24         32
   730:         17         26         16         20         29
   735:         30         26         19         33         23
   740:         29         28         18         17         21
   745:         32         25         23         27         38
   750:         20         31         17         26         15
   755:         20         14         25         22         31
   760:         22         18         28         24         21
   765:         29         14         23         27         20
   770:         19         19         25         17         23
   775:         21         20         25         23         14
   780:         20         16         21         20         23
   785:         21         19         22         18         19
   790:         21         18         17         20         17
   795:         23         18         23         31         18
   800:         19         26         15         30         25
   805:         20         16         24         20         26
   810:         16         13         17         31         25
   815:         20         20         18         25         21
   820:         19         26         22         28         13
   825:         26         19         22         23         23
   830:         31         21         22         17         33
   835:         22         17         28         30         17
   840:         25         33         14         16         27
   845:         20         22         26         32         26
   850:         17         15         36         30         26
   855:         16         25         29         36         21
   860:         34         27         28         29         30
   865:         29         42         46         33         37
   870:         40         36         37         37         37
   875:         29         47         39         43         48
   880:         44         55         49         53         47
   885:         54         70         69         60         67
   890:         62         78         81         86         83
   895:         84         82        107         97         88
   900:         95         90        106        118        111
   905:        144        128        120        136        117
   910:        139        140        131        163        156
   915:        141        122        172        171        179
   920:        188        178        166        188        184
   925:        165        168        177        163        169
   930:        169        190        156        186        169
   935:        157        210        177        159        172
   940:        174        193        174        147        185
   945:        174        163        166        164        136
   950:        155        152        122        137        130
   955:        116        132        137        108        148
   960:        101        110        103        110         88
   965:        101         83         99         86         98
   970:         70         65         65         58         63
   975:         71         63         49         42         46
   980:         37         36         46         37         34
   985:         29         30         23         32         13
   990:         17         24         21         20         23
   995:         26         18         17          9         10
  1000:          9         10          7         10          8
  1005:         11          6         11          2          8
  1010:          5          5         10          6          4
  1015:          6          5          7          7          2
  1020:          3          5          8          6          6
  1025:          2          1          6          7          2
  1030:          5          3          5          5          0
  1035:          8          6          4          6          4
  1040:          0          2          5          4          2
  1045:          4          3          2          1          5
  1050:          3          4          5          4          3
  1055:          3          9          2          8          2
  1060:          4          3          3          6          6
  1065:          4          3          3          3          2
  1070:          8          6          4          6          0
  1075:          5          5          2          4          4
  1080:          5          2          5          6          5
  1085:          0          3          5          3          7
  1090:          5          1          2          3          6
  1095:          2          2          2          4          5
  1100:          3          1          2          3          6
  1105:          7          4          5          4          3
  1110:          2          6          3          0          2
  1115:          1          1          3          4          5
  1120:          4          3          3          1          3
  1125:          3          0          1          4          4
  1130:          2          2          6          3          3
  1135:          1          3          1          2          7
  1140:          4          4          6          3          2
  1145:          5          2          2          1          6
  1150:          2          4          3          5          2
  1155:          6          4          5          4          4
  1160:          2          5          3          1          5
  1165:          3          5          2          4          0
  1170:          0          2          4          4          3
  1175:          4          4          4          2          1
  1180:          6          5          8          2          3
  1185:          3          3          3          3          4
  1190:          2          5          0          0          6
  1195:          4          1          1          4          1
  1200:          3          2          2          7          2
  1205:          4          3          2          3          3
  1210:          4          3          8          2          2
  1215:          1          4          3          4          6
  1220:          1          3          0          2          0
  1225:          6          2          0          3          3
  1230:          6          2          3          5          3
  1235:          1          5          4          3          3
  1240:          1          3          5          1          2
  1245:          5          4          4          3          3
  1250:          1          2          1          4          2
  1255:          2          2          4          6          4
  1260:          2          5          5          3          4
  1265:          4          2          9          0          2
  1270:          0          2          5          3          1
  1275:          8          1          5          4          6
  1280:          4          3          2          5          4
  1285:          1          3          4          2          1
  1290:          3          2          6          8          3
  1295:          5          5          3          6          1
  1300:          3          4          4          5          2
  1305:          1          3          1          3          3
  1310:          3          3          6          1          2
  1315:          1          4          1          1          4
  1320:          3          1          3          1          4
  1325:          2          2          2          1          3
  1330:          4          1          3          0          6
  1335:          3          4          5          3          4
  1340:          2          0          1          6          4
  1345:          5          7          3          2          2
  1350:          5          2          4          2          2
  1355:          2          3          1          7          1
  1360:          9          2          4          3          1
  1365:          5          3          1          3          4
  1370:          1          1          2          3          1
  1375:          3          3          4          1          4
  1380:          2          1          2          1          0
  1385:          2          4          2          4          1
  1390:          4          1          4          2          1
  1395:          5          3          6          2          5
  1400:          2          2          5          1          2
  1405:          4          4          1          5          0
  1410:          3          1          2          0          3
  1415:          0          2          3          2          4
  1420:          0          2          1          3          4
  1425:          0          4          1          3          2
  1430:          1          1          5          1          2
  1435:          4          5          4          1          3
  1440:          1          4          1          4          1
  1445:          2          5          1          2          2
  1450:          2          1          6          4          4
  1455:          1          2          2          4          4
  1460:          1          1          1          2          1
  1465:          0          3          1          3          0
  1470:          0          3          1          1          4
  1475:          0          1          2          4          2
  1480:          4          4          2          0          4
  1485:          2          0          3          1          1
  1490:          1          1          2          2          3
  1495:          5          2          4          1          2
  1500:          2          4          2          3          5
  1505:          1          0          3          3          4
  1510:          1          3          4          3          2
  1515:          1          2          3          1          2
  1520:          2          3          3          2          3
  1525:          5          3          2          1          1
  1530:          4          2          7          4          5
  1535:          4          2          0          1          1
  1540:          2          3          0          6          2
  1545:          1          7          3          2          3
  1550:          2          1          6          4          1
  1555:          1          2          2          6          4
  1560:          2          2          2          3          6
  1565:          3          6          2          1          5
  1570:          4          4          3          2          3
  1575:          1          3          2          3          1
  1580:          2          0          2          1          5
  1585:          3          6          2          3          5
  1590:          5          1          3          1          1
  1595:          5          4          2          0          2
  1600:          5          5          5          1          2
  1605:          2          3          2          2          1
  1610:          1          1          3          4          1
  1615:          3          3          6          4          0
  1620:          1          3          3          2          2
  1625:          1          1          5          0          3
  1630:          5          1          2          2          3
  1635:          0          1          1          0          3
  1640:          1          0          1          4          1
  1645:          2          2          1          3          3
  1650:          3          0          4          1          4
  1655:          2          1          1          1          0
  1660:          0          1          0          1          3
  1665:          2          5          0          2          1
  1670:          1          3          3          2          1
  1675:          1          1          0          0          1
  1680:          4          1          2          3          3
  1685:          0          3          2          3          0
  1690:          1          0          1          1          1
  1695:          1          2          0          2          1
  1700:          0          1          0          3          2
  1705:          1          1          0          2          1
  1710:          0          2          0          3          2
  1715:          2          0          2          1          0
  1720:          0          0          2          1          1
  1725:          1          1          1          1          0
  1730:          0          0          0          0          0
  1735:          2          1          1          0          2
  1740:          0          3          0          5          2
  1745:          0          1          1          0          2
  1750:          1          1          1          5          0
  1755:          0          1          0          0          2
  1760:          2          1          2          1          1
  1765:          0          1          1          2          0
  1770:          2          3          4          3          0
  1775:          0          0          0          0          3
  1780:          2          3          2          2          0
  1785:          0          0          0          2          0
  1790:          3          1          0          1          2
  1795:          5          0          0          0          1
  1800:          1          1          2          0          0
  1805:          0          2          2          0          3
  1810:          3          1          1          1          1
  1815:          4          2          1          0          0
  1820:          0          0          1          1          0
  1825:          2          1          1          2          0
  1830:          2          1          1          1          0
  1835:          1          1          0          0          0
  1840:          1          0          2          0          1
  1845:          1          2          0          0          2
  1850:          2          2          1          2          0
  1855:          1          0          1          0          1
  1860:          0          3          0          2          1
  1865:          1          1          2          3          3
  1870:          1          0          0          2          1
  1875:          2          0          0          1          2
  1880:          0          0          1          1          1
  1885:          0          1          1          2          0
  1890:          2          1          2          2          1
  1895:          0          1          1          2          1
  1900:          1          1          0          2          1
  1905:          1          2          1          3          2
  1910:          2          5          2          1          2
  1915:          2          0          2          0          4
  1920:          1          0          4          0          4
  1925:          1          0          1          3          0
  1930:          1          5          3          1          1
  1935:          1          1          0          0          4
  1940:          2          3          1          0          0
  1945:          3          0          3          2          2
  1950:          1          5          4          1          1
  1955:          3          0          1          2          3
  1960:          2          3          4          3          2
  1965:          1          3          3          0          1
  1970:          1          0          0          5          3
  1975:          2          1          3          4          4
  1980:          3          2          3          1          3
  1985:          8          9          4          5          4
  1990:          1          5          3          7          6
  1995:         10          3          8          2          4
  2000:          2          5          3          3          5
  2005:          6          5          2          6          2
  2010:          4          4          5          2          4
  2015:          3          0          0          0          0
  2020:          0          0          0          0          0
  2025:          0          0          0          0          0
  2030:          0          0          0          0          0
  2035:          0          0          0          0          0
  2040:          0          0          0          0          0
  2045:          0          0          0
