$SPEC_ID:
No sample description was entered.
$SPEC_REM:
DET# 1
DETDESC# LAB4D1 Easy-MCA-2k SN 18162513
AP# Maestro Version 7.01
$DATE_MEA:
11/06/2019 10:14:10
$MEAS_TIM:
298 300
$DATA:
0 2047
       0
       0
       0
       0
       0
       0
       0
       0
       0
     232
    3237
    2870
     695
      55
      33
      40
      50
      50
      44
      42
      47
      52
      49
      44
      34
      55
      54
      61
      40
      57
      39
      65
      45
      46
      46
      56
      58
      51
      55
      77
      52
      42
      57
      64
      66
      55
      57
      71
      69
      57
      60
      77
      67
      69
      54
      66
      73
      75
      68
      65
      53
      58
      75
      70
      74
      66
      66
      75
      68
      81
      81
      67
      79
      91
      82
      81
      91
      85
      93
      99
      79
      98
     104
     104
     102
     112
     105
     116
     112
     124
     117
     137
     116
     110
     119
     100
     137
     122
     128
     127
     139
     148
     123
     154
     158
     137
     143
     161
     188
     168
     163
     153
     162
     176
     165
     166
     161
     174
     167
     156
     175
     183
     196
     161
     179
     180
     176
     189
     174
     198
     192
     181
     157
     161
     163
     170
     197
     189
     216
     196
     195
     184
     191
     170
     148
     163
     193
     186
     162
     203
     176
     182
     204
     187
     157
     190
     163
     193
     187
     193
     179
     189
     181
     194
     209
     181
     176
     181
     170
     186
     199
     169
     172
     196
     186
     170
     156
     171
     191
     166
     170
     179
     177
     183
     171
     161
     165
     181
     172
     197
     167
     165
     171
     174
     170
     178
     166
     147
     173
     176
     170
     174
     182
     155
     173
     150
     183
     180
     162
     146
     157
     168
     156
     172
     131
     156
     161
     163
     179
     156
     167
     155
     141
     150
     159
     153
     168
     143
     147
     174
     161
     148
     140
     138
     135
     158
     129
     144
     145
     137
     152
     132
     130
     158
     146
     151
     160
     135
     156
     143
     137
     138
     131
     110
     143
     133
     148
     140
     140
     152
     123
     134
     156
     148
     150
     135
     156
     138
     113
     128
     145
     110
     168
     148
     146
     161
     139
     132
     134
     128
     106
     139
     114
     136
     129
     144
     128
     111
     129
     145
     133
     124
     139
     127
     142
     130
     132
     125
     129
     121
     137
     139
     122
     132
     142
     117
     107
     111
     115
      96
     113
     108
     116
     106
     124
     119
     118
     125
     124
     106
     104
     107
     121
     124
      98
     102
     123
     115
      99
     113
     125
     120
     109
     102
     118
     100
      90
      96
      95
     109
     122
     113
     106
     105
     104
      97
      95
      89
     112
     102
      78
     104
      86
     122
      80
      94
      92
      82
      83
      90
      90
      97
      95
      91
      79
      81
      89
      83
      82
      90
      81
      97
      81
      95
      73
      74
      81
      90
      79
      79
      70
      70
      93
      66
      82
      70
      70
      77
      68
      68
      73
      66
      79
      87
      73
      77
      75
      80
      79
      58
      67
      74
      92
      61
      73
      71
      63
      70
      72
      67
      73
      64
      63
      63
      59
      61
      53
      69
      61
      68
      70
      71
      62
      51
      65
      67
      57
      73
      78
      48
      57
      62
      59
      86
      62
      56
      54
      56
      79
      66
      54
      61
      62
      60
      61
      62
      50
      55
      47
      56
      52
      66
      53
      60
      40
      63
      64
      65
      42
      47
      57
      56
      49
      54
      63
      50
      53
      48
      43
      57
      60
      44
      50
      50
      56
      57
      70
      59
      53
      57
      61
      52
      54
      53
      70
      53
      45
      49
      56
      60
      53
      52
      50
      50
      56
      46
      57
      47
      55
      51
      48
      52
      45
      42
      54
      44
      49
      48
      56
      62
      46
      40
      50
      43
      42
      58
      47
      45
      57
      54
      41
      46
      53
      27
      40
      52
      46
      48
      37
      47
      55
      35
      45
      33
      52
      38
      42
      44
      36
      33
      52
      43
      33
      38
      44
      41
      46
      35
      40
      34
      49
      32
      35
      43
      39
      39
      42
      39
      40
      51
      51
      41
      44
      36
      34
      33
      28
      28
      28
      38
      31
      38
      35
      28
      41
      38
      34
      37
      41
      42
      29
      41
      37
      38
      36
      51
      40
      38
      34
      43
      35
      41
      39
      41
      24
      27
      34
      38
      42
      39
      43
      36
      48
      48
      22
      31
      38
      31
      34
      32
      30
      41
      40
      35
      32
      48
      32
      46
      24
      30
      39
      26
      39
      23
      25
      36
      34
      44
      36
      32
      34
      38
      25
      33
      35
      32
      17
      36
      34
      29
      41
      32
      31
      38
      35
      35
      34
      32
      35
      30
      33
      34
      25
      31
      30
      29
      32
      23
      30
      28
      29
      25
      29
      35
      21
      36
      28
      25
      29
      34
      22
      18
      27
      28
      26
      31
      25
      29
      22
      24
      20
      32
      25
      35
      22
      30
      14
      31
      23
      32
      25
      35
      26
      16
      31
      25
      24
      17
      15
      24
      24
      24
      30
      25
      22
      27
      28
      20
      16
      19
      19
      19
      28
      21
      30
      19
      19
      21
      18
      16
      20
      18
      21
      18
      23
      14
      15
      22
      25
      20
      28
      24
      16
      17
      20
      14
      12
      20
      17
      21
      18
      28
      23
      14
      21
      13
      26
      19
      16
      25
      19
      15
      19
      11
      14
      23
      22
      22
      17
      22
      10
      17
      25
      19
      13
      18
      20
      13
      13
      18
      21
      15
      21
      16
      12
      20
      22
      17
      14
      18
      18
      14
      20
      25
      20
      26
      12
      15
      24
      20
      26
      23
      15
      18
      24
      24
      16
      14
      20
      22
      20
      19
      18
      24
      20
      17
      19
      19
      15
      12
      21
      21
      15
      24
      20
      13
      11
      23
      21
      24
      20
      19
      14
      22
      17
      14
       9
      12
      24
      22
      11
      19
      18
      18
      19
      20
      16
      19
      20
      19
      18
      15
      20
      16
      11
      19
      21
      24
      18
      20
      20
      19
      26
      18
      30
      21
      25
      21
      24
      20
      33
      28
      32
      27
      33
      25
      26
      21
      22
      26
      28
      30
      36
      24
      28
      49
      31
      30
      32
      44
      40
      31
      37
      51
      36
      47
      42
      52
      40
      48
      43
      45
      51
      46
      43
      55
      60
      61
      73
      61
      65
      69
      59
      54
      69
      69
      70
      73
      64
      69
      73
      95
      79
      79
      83
     100
      78
      90
      98
      86
      83
      90
      99
     101
      94
     103
     106
     109
     102
     109
      98
     105
     115
     111
     105
     105
     112
      88
     125
      92
     106
      88
     114
      93
      74
     100
      84
      77
      76
      84
      83
      90
      85
      74
      72
      84
      74
      70
      55
      74
      61
      45
      51
      62
      46
      35
      48
      35
      45
      49
      39
      29
      26
      45
      38
      31
      32
      25
      20
      33
      24
      12
      22
      24
      18
      24
      19
      14
      16
       9
       9
      14
       7
      16
       7
       9
      10
       7
       9
       5
       5
       6
       8
       5
      10
       2
       3
       8
       7
       5
       5
       2
       4
       5
       4
       1
       7
       8
       2
      11
       3
       3
       1
       4
       3
       5
       5
       5
       4
       3
       1
       3
       4
       1
       2
       3
       4
       2
       8
       5
       5
       5
       6
       5
       4
       6
       6
       3
       4
       5
       1
       3
       1
       5
       5
       5
       5
       6
       2
       2
       2
       3
       3
       1
       4
       4
       0
       4
       1
       2
       5
       2
       1
       7
       2
       6
       2
       2
       4
       3
       2
       2
       4
       2
       9
       2
       7
       4
       8
       4
       2
       8
       6
       3
       3
       5
       5
       4
       7
       2
       2
       2
       3
       3
       4
       4
       5
       7
       4
       5
       4
       6
       5
       5
       2
       4
       2
       4
       5
       4
       2
       3
       6
       3
       1
       2
       2
       4
       1
       2
       3
       2
       1
       2
       1
       2
       1
       4
       3
       3
       2
       1
       1
       3
       6
       3
       1
       7
       1
       2
       3
       2
       6
       4
       3
       6
       5
       9
       2
       3
       7
       2
       3
       3
       6
       3
       5
       3
       2
       3
       5
       2
       3
       4
       3
       3
       3
       8
       2
       4
       3
       3
       6
       1
       1
       2
       2
       2
       2
       7
       6
       3
       4
       0
       4
       3
       1
       5
       2
       2
       6
       0
       5
       3
       2
       3
       1
       1
       4
       3
       3
       4
       2
       3
       1
       4
       3
       0
       5
       6
       3
       3
       0
       3
       2
       2
       1
       4
       2
       4
       3
       2
       6
       2
       3
       1
       2
       0
       5
       1
       5
       2
       1
       2
       4
       6
       1
       3
       3
       1
       2
       6
       3
       2
       6
       3
       6
       0
       3
       2
       3
       2
       6
       3
       0
       1
       2
       6
       2
       4
       5
       6
       5
       5
       7
       6
       3
       8
       4
       2
       6
       7
       4
       1
       5
       3
       4
       2
       4
       3
       1
       3
       3
       3
       4
       1
       2
       5
       5
       3
       4
       7
       2
       4
       3
       4
       5
       2
       5
       5
       3
       1
       4
       3
       2
       3
       3
       4
       4
       2
       3
       5
       2
       3
       4
       7
       2
       2
       4
       3
       4
       2
       2
       3
       2
       4
       7
       2
       2
       4
       2
       1
       4
       2
       2
       1
       7
       5
       1
       1
       1
       3
       1
       4
       4
       2
       7
       4
       3
       2
       8
       2
       2
       3
       2
       3
       3
       6
       3
       1
       1
       3
       4
       4
       1
       2
       2
       1
       4
       1
       3
       4
       2
       0
       2
       2
       2
       2
       3
       2
       1
       3
       1
       2
       3
       0
       0
       1
       2
       0
       1
       2
       1
       1
       3
       2
       1
       1
       4
       1
       1
       2
       2
       2
       1
       3
       4
       4
       1
       2
       4
       2
       2
       3
       2
       3
       3
       2
       2
       0
       3
       3
       1
       1
       2
       2
       0
       3
       2
       5
       0
       0
       2
       3
       2
       3
       3
       1
       1
       2
       1
       4
       0
       0
       3
       0
       2
       1
       2
       1
       1
       5
       2
       1
       2
       0
       0
       1
       7
       1
       3
       0
       0
       5
       1
       2
       2
       2
       2
       2
       1
       4
       1
       1
       4
       2
       1
       1
       4
       2
       2
       2
       4
       2
       2
       4
       2
       1
       5
       1
       0
       2
       1
       2
       3
       2
       4
       1
       2
       2
       1
       3
       1
       6
       3
       1
       7
       1
       0
       4
       1
       3
       2
       1
       4
       1
       3
       2
       3
       4
       4
       3
       7
       3
       1
       3
       2
       4
       0
       1
       3
       1
       2
       2
       0
       1
       4
       5
       1
       4
       0
       3
       1
       2
       1
       3
       4
       3
       6
       5
       2
       1
       1
       2
       5
       4
       2
       0
       5
       0
       4
       2
       2
       5
       1
       3
       2
       2
       2
       0
       0
       2
       5
       1
       2
       2
       4
       4
       3
       1
       4
       3
       1
       3
       2
       1
       1
       3
       1
       4
       0
       5
       4
       3
       1
       0
       1
       7
       1
       1
       0
       2
       2
       3
       0
       3
       2
       3
       3
       3
       1
       2
       4
       0
       3
       1
       2
       1
       2
       4
       4
       2
       2
       3
       1
       5
       3
       6
       2
       1
       1
       0
       1
       1
       5
       3
       2
       2
       4
       1
       5
       2
       3
       2
       2
       1
       0
       2
       0
       2
       2
       1
       1
       2
       1
       2
       2
       1
       4
       4
       1
       1
       2
       3
       1
       3
       1
       3
       4
       0
       1
       0
       1
       1
       4
       2
       2
       0
       1
       1
       1
       2
       0
       2
       2
       1
       0
       0
       3
       3
       1
       0
       2
       3
       4
       0
       0
       0
       3
       3
       0
       2
       0
       0
       2
       0
       0
       1
       1
       0
       1
       2
       2
       0
       1
       2
       0
       0
       0
       0
       0
       1
       0
       1
       0
       4
       4
       0
       1
       3
       0
       1
       2
       0
       2
       1
       1
       1
       4
       3
       5
       0
       1
       1
       0
       0
       0
       1
       1
       0
       1
       0
       1
       1
       0
       3
       5
       2
       0
       1
       0
       4
       1
       2
       1
       0
       2
       3
       1
       1
       2
       2
       0
       1
       1
       1
       0
       0
       1
       1
       0
       1
       1
       2
       2
       1
       1
       2
       0
       1
       1
       2
       1
       0
       1
       1
       1
       1
       2
       0
       0
       0
       1
       1
       0
       1
       3
       1
       0
       1
       0
       0
       1
       2
       1
       1
       0
       3
       0
       1
       0
       0
       0
       2
       1
       0
       2
       0
       1
       1
       1
       1
       0
       1
       1
       2
       2
       0
       0
       1
       0
       0
       0
       1
       1
       0
       0
       0
       1
       0
       1
       1
       0
       0
       0
       0
       2
       0
       1
       1
       4
       0
       1
       1
       1
       0
       1
       3
       1
       1
       4
       3
       0
       1
       0
       4
       0
       2
       0
       1
       1
       0
       1
       0
       2
       3
       1
       1
       3
       1
       3
       2
       2
       0
       3
       3
       1
       3
       2
       2
       2
       2
       1
       0
       2
       1
       1
       3
       0
       1
       0
       1
       0
       2
       1
       0
       0
       1
       1
       0
       3
       2
       2
       2
       3
       0
       1
       5
       3
       3
       1
       1
       1
       2
       2
       2
       1
       2
       7
       3
       3
       2
       3
       1
       3
       2
       4
       1
       0
       5
       1
       7
       3
       1
       1
       3
       3
       3
       0
       7
       3
       5
       5
       5
       4
       2
       3
       8
       5
       1
       5
       8
       3
       1
       2
       1
       1
       4
       1
       4
       4
       4
       6
       4
       1
       4
       6
       2
       1
       1
       9
       4
       9
       4
       6
       3
       2
       4
       3
       7
       4
       4
       3
       3
       6
       4
       0
       0
       0
       0
       0
       0
       0
       0
       0
       0
       0
       0
       0
       0
       0
       0
       0
       0
       0
       0
       0
       0
       0
       0
       0
       0
       0
       0
       0
       0
       0
       0
$ROI:
0
$PRESETS:
Real Time
300
0
$ENER_FIT:
0.000000 0.000000
$MCA_CAL:
3
0.000000E+000 0.000000E+000 0.000000E+000 
$SHAPE_CAL:
3
0.000000E+000 0.000000E+000 0.000000E+000
