       0
       0
       0
       0
       0
       0
       0
       0
       0
     264
    3162
    2834
     702
      58
      47
      52
      59
      50
      37
      45
      54
      47
      45
      55
      55
      65
      54
      43
      51
      48
      56
      54
      51
      51
      62
      51
      67
      52
      64
      56
      58
      70
      56
      56
      59
      71
      75
      53
      55
      64
      75
      63
      85
      83
      61
      69
      66
      69
      71
      66
      74
      83
      75
      87
      72
      76
      83
      66
      83
      95
      99
      92
      99
     101
      70
     100
      97
     110
     108
     102
     125
      92
     116
     110
     102
     124
     103
     112
     130
     139
     133
     128
     157
     136
     138
     138
     147
     140
     188
     179
     170
     158
     157
     180
     183
     193
     175
     168
     164
     187
     203
     193
     173
     179
     206
     204
     203
     205
     209
     184
     212
     198
     201
     218
     206
     235
     214
     235
     199
     205
     217
     224
     189
     217
     218
     199
     208
     213
     200
     193
     219
     221
     226
     220
     229
     217
     204
     235
     206
     193
     228
     229
     192
     217
     210
     226
     234
     204
     212
     182
     207
     204
     217
     223
     224
     221
     221
     220
     201
     232
     224
     219
     178
     208
     215
     224
     220
     210
     201
     210
     189
     218
     219
     184
     178
     204
     195
     200
     183
     222
     186
     185
     194
     212
     195
     196
     210
     182
     208
     206
     183
     172
     172
     208
     155
     194
     202
     187
     193
     179
     178
     185
     165
     169
     161
     155
     199
     168
     171
     182
     179
     185
     141
     168
     172
     156
     174
     173
     174
     171
     165
     172
     167
     162
     169
     140
     169
     172
     171
     131
     177
     161
     158
     148
     164
     151
     141
     154
     168
     148
     166
     154
     175
     173
     160
     159
     162
     143
     143
     146
     141
     140
     146
     162
     172
     155
     150
     121
     147
     138
     154
     147
     134
     154
     152
     160
     152
     134
     155
     133
     139
     158
     178
     152
     171
     150
     133
     139
     115
     161
     140
     143
     128
     115
     138
     127
     134
     147
     118
     120
     124
     136
     119
     123
     139
     135
     119
     123
     138
     138
     130
     124
     112
     102
     115
     118
     110
     124
     123
     118
     101
     115
     134
     116
     113
     109
      91
      93
     115
     105
      99
      98
     113
     122
     115
      95
     113
      97
     111
     102
     110
     102
      99
     107
     106
     128
      99
     100
     118
      85
     106
     116
      96
      89
      94
      96
     101
      84
      88
      82
      90
     103
      87
     105
      64
      86
      84
      84
      75
      75
      70
      85
      93
      80
     105
      85
      75
     100
      66
      84
      85
      82
      76
      90
      78
      76
      77
      79
      85
      80
      84
      76
      66
      74
      70
      76
      68
      75
      68
      80
      70
      80
      81
      70
      82
      70
      92
      61
      74
      67
      68
      85
      66
      82
      69
      77
      71
      55
      86
      69
      77
      66
      68
      72
      54
      70
      74
      80
      56
      61
      66
      51
      63
      69
      68
      74
      70
      82
      75
      43
      53
      43
      70
      69
      82
      46
      56
      62
      62
      66
      55
      65
      51
      61
      45
      61
      65
      43
      52
      63
      58
      28
      56
      43
      57
      56
      51
      50
      53
      50
      62
      58
      54
      56
      48
      47
      58
      59
      57
      49
      49
      51
      53
      44
      57
      58
      48
      54
      49
      46
      59
      50
      46
      62
      53
      46
      52
      58
      50
      51
      55
      67
      49
      46
      62
      51
      58
      50
      50
      43
      51
      47
      49
      44
      55
      58
      47
      64
      45
      46
      68
      48
      58
      50
      44
      57
      54
      46
      37
      53
      46
      51
      47
      52
      42
      55
      41
      40
      40
      37
      36
      36
      54
      41
      54
      36
      42
      40
      37
      37
      33
      43
      37
      40
      29
      52
      45
      43
      41
      45
      43
      44
      41
      41
      44
      41
      35
      43
      34
      43
      34
      48
      26
      41
      39
      42
      41
      39
      35
      36
      45
      36
      42
      39
      37
      49
      49
      40
      38
      42
      32
      37
      30
      42
      36
      49
      47
      34
      44
      47
      33
      28
      50
      50
      42
      46
      30
      46
      30
      30
      42
      41
      34
      37
      28
      41
      30
      38
      33
      37
      41
      42
      38
      36
      47
      37
      33
      42
      42
      31
      38
      37
      44
      31
      29
      43
      35
      38
      39
      31
      35
      33
      40
      36
      36
      34
      30
      33
      37
      35
      27
      31
      41
      27
      28
      30
      19
      31
      21
      24
      24
      30
      27
      26
      32
      28
      25
      30
      24
      30
      27
      31
      27
      25
      33
      24
      28
      26
      24
      24
      25
      16
      27
      25
      26
      30
      36
      28
      35
      20
      29
      31
      17
      25
      22
      23
      18
      18
      29
      21
      15
      28
      23
      18
      31
      24
      17
      19
      26
      17
      33
      17
      19
      25
      32
      28
      24
      27
      24
      18
      19
      27
      20
      32
      29
      26
      23
      17
      30
      14
      25
      25
      19
      23
      27
      27
      27
      24
      23
      16
      22
      15
      22
      28
      27
      25
      19
      21
      11
      22
      26
      23
      27
      16
      25
      28
      22
      24
      21
      21
      18
      19
      18
      21
      21
      17
      21
      25
      20
      20
      14
      23
      17
      26
      27
      23
      20
      21
      21
      23
      23
      22
      18
      24
      22
      16
      23
      15
      17
      16
      22
      21
      22
      23
      25
      21
      22
      16
      15
      29
      22
      20
      21
      20
      23
      19
      14
      16
      11
      15
      17
      19
      31
      14
      25
      21
      19
      17
      13
      15
      22
      17
      19
      18
      24
      20
      28
      17
      18
      24
      18
      22
      24
      16
      22
      21
      12
      24
      17
       9
      21
      19
      21
      20
      23
      22
      24
      20
      26
      21
      26
      37
      16
      23
      18
      25
      24
      29
      26
      29
      30
      22
      33
      32
      21
      21
      25
      17
      26
      19
      24
      29
      32
      33
      30
      41
      25
      37
      30
      32
      35
      27
      29
      37
      34
      31
      41
      46
      49
      42
      38
      52
      48
      59
      49
      49
      59
      42
      56
      69
      44
      57
      64
      49
      59
      55
      85
      69
      73
      80
      67
      87
      72
      84
      76
      71
      92
      99
     100
      68
      73
      70
      88
      98
      99
     107
      96
      93
      86
      81
      86
      92
     107
      76
      79
      80
      91
      79
      78
     100
      86
      71
      86
      70
      86
      79
      76
      77
      74
      64
      76
      73
      59
      62
      63
      57
      55
      47
      69
      56
      50
      43
      40
      47
      42
      41
      45
      30
      39
      32
      32
      33
      37
      36
      19
      20
      26
      19
      16
      19
      19
      15
      21
      10
      14
      11
      14
      17
       5
       9
      14
      14
      10
      19
      12
      14
       8
      12
       9
       6
       7
       8
       8
       3
       6
       0
       9
       3
       7
       7
       2
       6
       5
       4
       7
       6
       4
       8
       3
       4
       5
       3
       4
       4
       1
       6
       4
       4
       3
       6
       2
       6
       5
       4
       8
       3
       1
       3
       2
       3
       7
       6
       3
       4
       3
       3
       5
       3
       3
       3
       3
       6
       0
       4
       2
       7
       1
       2
       4
       4
       5
       7
       3
       3
       7
       6
       6
       5
       2
       3
       2
       8
       4
       5
       6
       7
       3
       1
       3
       4
       4
       3
       4
       5
       3
       2
       4
       4
       3
       4
       3
       3
       6
       2
       3
       2
       3
       8
       3
       3
       3
       1
       6
       1
       4
       7
       5
       4
       1
       4
       5
       4
       3
       2
       3
       5
       4
       2
       1
       1
       5
       6
       2
       2
       2
       4
       1
       6
       6
       7
       6
       2
       2
       2
       4
       5
       2
       8
       1
       4
       4
       2
       0
       4
       3
       2
       1
       3
       3
       3
       2
       4
       2
       6
       5
       4
       3
       4
       3
       2
       1
       4
       4
       6
       4
       3
       2
       4
       8
       3
       4
       2
       3
       3
       3
       0
       4
       2
       3
       3
       1
       4
       7
       3
       3
       5
       5
       3
       4
       6
       3
       0
       3
       5
       4
       2
       2
       2
       3
       5
       3
       5
       3
       7
       5
       4
       0
       1
       2
       4
       4
       2
       1
       3
       3
       2
       4
       2
       4
       3
       4
       3
       5
       2
       2
       3
       4
       2
       2
       6
       2
       3
       3
       3
       2
       0
       1
       2
       6
       3
       3
       3
       1
       0
       3
       2
       0
       1
       3
       2
       4
       1
       1
       3
       4
       8
       1
       3
       2
       3
       4
       2
       0
       2
       3
       8
       1
       3
       4
       3
       3
       1
       3
       7
       1
       3
       2
       3
       2
       5
       3
       3
       5
       3
       1
       6
       1
       0
       5
       1
       3
       6
       7
       9
       2
       9
       2
       4
       2
       0
       3
       5
       3
       5
       3
       4
       1
       4
       5
       2
       2
       1
       5
       1
       8
       4
       3
       3
       7
       6
       4
       0
       6
       2
       3
       5
       1
       0
       2
       2
       6
       2
       7
       2
       2
       2
       4
       2
       1
       3
       1
       0
       2
       6
       2
       0
       5
       2
       3
       4
       3
       2
       7
       4
       4
       3
       1
       4
       3
       6
       4
       5
       5
       2
       5
       4
       3
       3
       5
       1
       2
       6
       3
       2
       2
       3
       2
       1
       4
       4
       1
       1
       2
       2
       1
       2
       2
       2
       2
       3
       0
       4
       6
       1
       6
       3
       1
       2
       2
       0
       2
       4
       1
       3
       2
       4
       1
       0
       2
       4
       1
       1
       3
       2
       3
       7
       2
       1
       2
       2
       5
       3
       1
       0
       0
       2
       2
       2
       1
       0
       4
       4
       0
       1
       2
       2
       4
       3
       6
       2
       0
       2
       2
       1
       2
       2
       3
       4
       3
       2
       3
       1
       3
       2
       5
       8
       3
       2
       5
       2
       0
       4
       0
       4
       3
       1
       1
       2
       1
       1
       4
       1
       4
       2
       1
       4
       1
       2
       0
       1
       3
       2
       1
       3
       2
       1
       2
       5
       0
       3
       1
       2
       5
       0
       1
       1
       5
       2
       2
       3
       1
       5
       4
       3
       3
       1
       2
       1
       3
       2
       3
       2
       5
       3
       1
       3
       2
       1
       3
       2
       0
       4
       4
       1
       1
       0
       3
       1
       7
       2
       1
       1
       3
       1
       2
       0
       1
       2
       5
       2
       2
       4
       2
       5
       1
       1
       2
       1
       3
       2
       2
       1
       3
       1
       1
       2
       1
       1
       5
       2
       0
       4
       3
       4
       2
       3
       1
       2
       6
       6
       4
       2
       3
       2
       2
       6
       3
       3
       3
       2
       5
       1
       2
       1
       3
       2
       5
       4
       2
       2
       1
       1
       2
       3
       0
       4
       1
       2
       3
       2
       2
       3
       2
       2
       2
       1
       1
       4
       1
       3
       3
       1
       2
       0
       2
       2
       4
       3
       4
       4
       2
       1
       1
       2
       2
       2
       3
       0
       0
       7
       1
       0
       4
       0
       1
       2
       1
       2
       2
       0
       0
       1
       0
       0
       2
       2
       1
       3
       1
       1
       0
       2
       4
       0
       1
       2
       2
       2
       3
       3
       1
       0
       2
       1
       4
       0
       1
       2
       4
       1
       3
       1
       3
       2
       3
       3
       1
       4
       2
       0
       3
       2
       1
       1
       1
       3
       1
       3
       1
       2
       2
       1
       2
       2
       1
       2
       4
       4
       0
       2
       2
       0
       3
       0
       1
       1
       1
       0
       1
       2
       1
       0
       1
       0
       0
       1
       2
       2
       0
       3
       1
       3
       4
       1
       3
       1
       3
       2
       1
       4
       1
       2
       1
       1
       0
       1
       0
       1
       2
       2
       2
       1
       0
       3
       2
       2
       4
       0
       1
       0
       0
       1
       2
       1
       1
       0
       1
       2
       1
       1
       1
       2
       1
       1
       2
       0
       1
       1
       1
       2
       2
       4
       0
       0
       0
       1
       2
       1
       1
       1
       1
       0
       1
       0
       2
       0
       1
       1
       0
       4
       1
       1
       3
       0
       1
       2
       0
       0
       1
       0
       2
       0
       1
       1
       1
       1
       1
       1
       2
       1
       1
       1
       1
       0
       1
       0
       2
       0
       0
       1
       0
       1
       0
       2
       0
       1
       1
       0
       1
       3
       0
       0
       0
       0
       0
       1
       1
       0
       1
       0
       0
       1
       1
       2
       2
       0
       1
       1
       1
       0
       0
       0
       1
       0
       2
       0
       2
       2
       2
       0
       2
       1
       0
       0
       2
       0
       3
       0
       2
       2
       1
       3
       2
       2
       2
       0
       1
       2
       0
       1
       0
       1
       2
       1
       2
       0
       0
       1
       0
       1
       1
       1
       2
       1
       0
       2
       1
       2
       1
       0
       1
       1
       1
       3
       1
       0
       2
       2
       0
       2
       2
       1
       0
       0
       0
       4
       1
       4
       1
       4
       4
       2
       1
       2
       0
       3
       0
       1
       1
       1
       3
       3
       1
       3
       2
       1
       0
       1
       2
       3
       1
       4
       1
       1
       1
       3
       3
       6
       5
       2
       1
       4
       2
       3
       4
       3
       5
       3
       1
       3
       1
       0
       1
       2
       2
       3
       2
       5
       3
       3
       4
       7
       4
       3
       3
       5
       1
       2
       3
       4
       4
       1
       2
       6
       2
       4
       4
       4
       3
       6
       3
       1
       5
       5
       7
       5
       3
       5
       4
       3
       3
       2
       4
       6
       5
       4
       4
       6
       0
       3
       4
      10
       4
       2
       4
       2
       0
       0
       0
       0
       0
       0
       0
       0
       0
       0
       0
       0
       0
       0
       0
       0
       0
       0
       0
       0
       0
       0
       0
       0
       0
       0
       0
       0
       0
       0
       0
       0
