       0
       0
       0
       0
       0
       0
       0
       0
       0
     380
    4461
    3858
     993
      75
      67
      56
      69
      65
      59
      54
      49
      53
      57
      70
      52
      68
      71
      78
      40
      71
      83
      62
      86
      93
      82
     111
      88
      94
     112
     124
     137
     115
     131
     150
     136
     150
     142
     159
     158
     208
     166
     179
     182
     207
     212
     162
     156
     163
     137
     149
     139
     118
     123
     111
      92
      82
      80
     100
      95
     100
      94
     102
     113
     102
     103
     104
     105
     111
     120
     110
     100
     124
     108
     135
     120
     113
     118
     129
     128
     132
     124
     149
     156
     136
     163
     142
     143
     159
     140
     162
     171
     161
     180
     173
     161
     183
     168
     172
     178
     196
     180
     184
     182
     175
     206
     198
     198
     191
     162
     169
     177
     223
     196
     188
     178
     202
     186
     233
     203
     222
     206
     193
     229
     190
     214
     201
     204
     188
     174
     205
     180
     174
     189
     204
     188
     217
     210
     191
     220
     168
     191
     186
     170
     175
     196
     189
     201
     213
     211
     190
     200
     222
     196
     194
     208
     176
     222
     211
     174
     206
     189
     181
     234
     200
     178
     187
     186
     180
     202
     196
     181
     194
     206
     184
     237
     221
     194
     192
     187
     182
     204
     196
     215
     185
     179
     214
     168
     214
     170
     206
     174
     183
     183
     213
     175
     171
     218
     188
     194
     219
     158
     179
     190
     173
     168
     172
     184
     157
     177
     174
     163
     161
     168
     173
     190
     163
     174
     167
     183
     170
     176
     188
     163
     174
     181
     161
     152
     176
     163
     170
     172
     167
     178
     163
     165
     173
     190
     144
     147
     166
     157
     159
     181
     185
     167
     155
     173
     175
     187
     154
     169
     150
     184
     181
     172
     192
     178
     160
     164
     188
     199
     185
     167
     167
     172
     161
     173
     173
     166
     178
     165
     205
     183
     180
     181
     153
     170
     167
     174
     181
     144
     168
     141
     175
     144
     152
     149
     157
     144
     130
     150
     130
     155
     149
     165
     154
     126
     151
     146
     157
     132
     139
     150
     147
     144
     146
     126
     148
     124
     157
     153
     146
     129
     143
     137
     131
     139
     128
     132
     140
     122
     122
     124
     111
     122
     127
     126
     134
     114
     107
     122
     134
     133
     114
     140
     142
     126
     122
     127
     106
     115
     142
     135
     121
     145
     122
     112
     115
     132
     105
     107
     110
     117
     127
     110
     111
     121
     100
     110
     100
     101
     102
     101
      98
      84
     107
     102
      98
     104
      88
      79
     108
     113
      95
     112
      90
      85
      99
      97
      94
     102
      85
     104
     104
      84
      84
      93
      92
      91
     108
      88
      85
     104
      88
      94
     100
      80
      84
      86
      83
      79
      95
      82
      75
      84
      77
      90
      94
      93
      72
      81
     100
      78
      91
      93
      84
      80
      82
      82
      63
     101
      80
      76
      74
      82
      91
      96
      67
      92
      75
      91
      83
      86
      81
      84
      80
      67
      72
      65
      75
      72
      68
      87
      67
      78
      75
      76
      68
      68
      81
      76
      70
      70
      61
      70
      77
      82
      69
      67
      86
      70
      92
      94
      68
      66
      66
      75
      71
      71
      70
      76
      84
      84
      79
      62
      74
      63
      84
      67
      81
      78
      74
      71
      76
      76
      73
      85
      81
      89
      68
      69
      63
      56
      68
      63
      76
      72
      67
      59
      73
      77
      65
      83
      54
      59
      68
      71
      73
      64
      66
      65
      78
      63
      59
      83
      70
      65
      62
      59
      59
      64
      67
      67
      73
      64
      64
      57
      66
      60
      61
      46
      52
      41
      64
      58
      41
      60
      60
      64
      55
      72
      49
      73
      44
      54
      63
      53
      67
      67
      68
      59
      59
      64
      55
      54
      61
      52
      54
      49
      53
      62
      53
      46
      49
      48
      58
      61
      60
      50
      68
      50
      52
      49
      48
      53
      49
      37
      59
      68
      65
      50
      45
      66
      59
      55
      51
      51
      52
      61
      40
      54
      51
      52
      62
      59
      63
      52
      50
      52
      45
      54
      60
      63
      43
      56
      62
      55
      44
      55
      56
      61
      48
      47
      42
      51
      50
      56
      71
      45
      58
      61
      54
      47
      52
      50
      55
      47
      55
      47
      44
      48
      45
      68
      48
      57
      51
      60
      35
      43
      47
      47
      32
      47
      44
      52
      46
      48
      36
      36
      43
      40
      47
      53
      44
      46
      30
      49
      40
      34
      40
      31
      51
      32
      39
      36
      34
      35
      38
      32
      40
      42
      29
      33
      40
      30
      32
      25
      32
      36
      32
      40
      34
      35
      27
      34
      32
      24
      37
      26
      25
      32
      40
      23
      30
      26
      40
      19
      26
      36
      22
      27
      24
      40
      29
      31
      39
      39
      20
      29
      22
      20
      22
      27
      23
      30
      25
      24
      31
      26
      17
      19
      29
      33
      19
      19
      27
      32
      11
      32
      26
      28
      16
      25
      25
      25
      34
      22
      26
      26
      23
      20
      24
      26
      21
      22
      26
      21
      24
      22
      20
      17
      16
      24
      23
      29
      17
      23
      25
      14
      18
      24
      19
      30
      23
      19
      16
      14
      22
      22
      20
      20
      17
      21
      25
      17
      22
      23
      29
      25
      21
      16
      29
      22
      14
      16
      23
      16
      19
      19
      18
      21
      17
      21
      18
      25
      21
      20
      17
      22
      21
      25
      23
      30
      19
      15
      25
      29
      23
      22
      17
      23
      24
      18
      15
      16
      28
      23
      16
      24
      24
      19
      24
      23
      25
      23
      16
      23
      11
      13
      20
      28
      14
      25
      26
      26
      27
      34
      26
      23
      26
      23
      26
      23
      31
      31
      28
      25
      23
      24
      24
      28
      28
      28
      33
      28
      36
      32
      31
      31
      26
      38
      44
      46
      41
      42
      37
      57
      46
      57
      55
      43
      54
      53
      49
      51
      72
      54
      68
      91
      59
      60
      71
      98
      83
      89
      85
      85
      86
     105
     103
     113
     132
     125
     120
     138
     136
     110
     136
     149
     145
     160
     163
     163
     160
     152
     199
     158
     136
     193
     185
     189
     166
     200
     179
     196
     194
     182
     245
     216
     195
     221
     215
     220
     234
     198
     215
     198
     214
     221
     205
     207
     211
     186
     188
     211
     179
     189
     205
     190
     191
     179
     172
     146
     185
     171
     143
     149
     150
     139
     125
     156
     112
     123
     120
     127
     103
     119
      95
      97
     105
     115
      80
      80
      76
      75
      68
      73
      68
      66
      63
      35
      52
      52
      30
      47
      35
      29
      41
      35
      34
      38
      19
      18
      21
      14
      16
      15
      16
      21
       5
      18
      11
      13
      10
      16
       5
       6
       5
       7
       8
       6
       5
       4
       6
       7
       3
       3
       7
       3
       0
       5
       7
      10
       4
       6
       4
       6
       2
       5
       3
       6
       5
       4
       5
       3
       5
       7
       3
       7
       6
       5
       6
       6
       7
       4
       3
       2
       4
       4
       5
       3
       6
       2
       4
       2
       3
       4
       3
       4
       5
       6
       6
       2
       5
       2
       4
       4
       1
       2
       3
       3
       5
       2
       6
       5
       8
       5
       5
       2
       3
       4
       4
       3
       3
       2
       6
       6
       4
       3
       5
       4
       5
       6
       1
       1
       4
       3
       5
       2
       3
       3
       5
       8
       3
       2
       0
       0
       2
       2
       2
       4
       4
       1
       3
       2
       4
       2
       3
       6
       1
       1
       4
       6
       4
       3
       4
       4
       3
       3
       1
       2
       1
       3
       1
       4
       4
       2
       4
       3
       7
       5
       5
       6
       3
       4
       2
       2
       6
       5
       4
       0
       3
       2
       4
       4
       3
       2
       1
       7
       1
       3
       4
       2
       3
       1
       3
       5
       1
       2
       4
       4
       4
       9
       8
       5
       0
       3
       2
       4
       1
       2
       3
       6
       4
       6
       1
       2
       4
       2
       4
       4
       3
       2
       4
       2
       4
       2
       1
       4
       4
       3
       5
       2
       4
       2
       3
       5
       5
       2
       9
       6
       4
       2
       2
       5
       1
       2
       5
       5
       2
       6
       6
       5
       2
       5
       5
       3
       1
       1
       1
       3
       4
       3
       3
       4
       3
       1
       2
       2
       2
       2
       2
       3
       1
       8
       5
       2
       5
       1
       1
       1
       6
       5
       3
       2
       3
       2
       6
       5
       3
       1
       3
       3
       6
       4
       2
       3
       8
       2
       2
       4
       5
       1
       1
       4
       4
       1
       3
       3
       3
       6
       3
       4
       3
       2
       4
       1
       3
       2
       4
       1
       1
       3
       3
       4
       5
       6
       2
       5
       3
       6
       9
       5
       5
       3
       5
       3
       6
       2
       4
       3
       5
       6
       3
       3
       2
       7
       4
       3
       3
       5
       3
       1
       4
       4
       3
       0
       3
       4
       2
       4
       3
       5
       3
       4
       5
       3
       1
       3
       5
       5
       2
       1
       4
       2
       5
       1
       5
       2
       3
       6
       6
       4
       2
       1
       0
       3
       4
       5
       5
       2
       0
       3
       2
       2
       4
       4
       2
       4
       2
       2
       2
       3
       2
       3
       3
       3
       1
       5
       3
       4
       2
       5
       1
       4
       4
       1
       2
       1
       5
       1
       2
       1
       0
       2
       3
       1
       1
       4
       0
       3
       2
       2
       3
       1
       3
       1
       2
       1
       2
       2
       7
       2
       2
       1
       2
       6
       3
       2
       6
       3
       3
       0
       0
       3
       3
       3
       2
       0
       2
       1
       3
       0
       1
       1
       3
       1
       0
       4
       3
       1
       1
       0
       3
       2
       1
       0
       1
       0
       3
       1
       0
       1
       2
       3
       0
       2
       0
       3
       1
       3
       2
       1
       1
       2
       2
       0
       2
       1
       2
       3
       3
       2
       3
       2
       1
       2
       2
       3
       1
       3
       3
       0
       2
       1
       1
       0
       3
       1
       2
       0
       6
       3
       1
       4
       3
       5
       3
       2
       2
       3
       3
       0
       4
       1
       2
       2
       3
       1
       2
       1
       2
       1
       2
       2
       0
       3
       2
       3
       2
       6
       4
       1
       3
       2
       2
       0
       2
       5
       2
       4
       3
       2
       1
       3
       3
       2
       1
       3
       2
       1
       2
       3
       3
       5
       5
       3
       2
       3
       4
       2
       1
       2
       3
       4
       0
       2
       2
       6
       2
       3
       1
       2
       2
       2
       3
       2
       3
       2
       6
       4
       2
       0
       1
       4
       1
       2
       3
       4
       2
       3
       2
       2
       1
       2
       2
       1
       0
       5
       3
       3
       1
       4
       5
       2
       0
       4
       0
       2
       2
       3
       2
       4
       2
       3
       0
       2
       1
       1
       1
       3
       2
       2
       0
       5
       3
       2
       1
       2
       6
       4
       5
       1
       0
       1
       2
       0
       2
       2
       3
       0
       3
       1
       1
       2
       2
       2
       2
       2
       1
       1
       3
       1
       1
       2
       0
       2
       2
       3
       2
       1
       0
       3
       2
       1
       7
       4
       3
       0
       3
       0
       0
       2
       1
       1
       2
       0
       0
       1
       1
       2
       0
       0
       1
       5
       2
       0
       6
       3
       1
       1
       1
       3
       1
       3
       4
       2
       1
       3
       0
       3
       0
       3
       2
       1
       2
       1
       2
       1
       1
       0
       2
       0
       2
       0
       2
       0
       2
       1
       1
       2
       3
       3
       2
       2
       2
       4
       1
       2
       2
       1
       1
       3
       2
       0
       3
       2
       0
       2
       0
       1
       1
       0
       0
       2
       1
       2
       1
       0
       0
       0
       1
       4
       2
       3
       1
       1
       1
       1
       3
       4
       1
       2
       1
       3
       1
       1
       1
       1
       0
       2
       1
       2
       0
       2
       0
       1
       1
       2
       1
       0
       1
       2
       5
       2
       1
       4
       2
       1
       1
       1
       1
       0
       0
       1
       0
       0
       1
       1
       1
       1
       0
       2
       2
       0
       0
       1
       2
       2
       0
       1
       4
       0
       0
       2
       0
       2
       1
       0
       1
       0
       0
       0
       0
       1
       2
       0
       2
       1
       2
       1
       0
       3
       1
       2
       1
       0
       1
       2
       0
       1
       1
       0
       1
       0
       0
       1
       1
       2
       2
       1
       0
       1
       2
       3
       3
       0
       1
       0
       2
       1
       3
       3
       1
       1
       0
       4
       0
       1
       1
       1
       0
       2
       1
       1
       0
       0
       1
       2
       1
       1
       0
       1
       0
       1
       0
       1
       2
       0
       0
       0
       0
       0
       3
       2
       0
       1
       0
       1
       1
       3
       0
       4
       0
       0
       0
       2
       2
       3
       2
       1
       0
       2
       3
       4
       0
       0
       3
       2
       2
       3
       1
       1
       2
       2
       0
       1
       2
       0
       3
       1
       2
       1
       1
       1
       3
       0
       0
       1
       3
       0
       0
       0
       0
       2
       2
       0
       1
       1
       4
       4
       2
       2
       1
       3
       1
       1
       2
       1
       2
       1
       3
       1
       4
       0
       4
       1
       2
       5
       3
       4
       3
       2
       4
       4
       0
       2
       2
       1
       4
       4
       1
       3
       2
       2
       2
       3
       3
       4
       3
       3
       5
       4
       4
       3
       2
       5
       6
       6
       3
       4
       6
       5
       4
       2
       1
       4
      11
       3
       3
       2
       6
       3
       5
       1
       6
       8
       7
       2
       6
       2
       4
       4
       1
       0
       3
       0
       0
       0
       0
       0
       0
       0
       0
       0
       0
       0
       0
       0
       0
       0
       0
       0
       0
       0
       0
       0
       0
       0
       0
       0
       0
       0
       0
       0
       0
       0
       0
