ACQUISITION INFORMATION

Detector ID:  1
Detector description:
LAB4D1 Easy-MCA-2k SN 18162513
Sample description:

Real Time:  299.999993
Live Time:  298.559993
Acquisition start date:  06Nov2019
Acquisition start time:  10:14:10
Starting channel number:   0
Number of channels:   2048


CALIBRATION INFORMATION

ENERGY CALIBRATION
Units:
Energy Fit:  0.000000E+000  1.000000E+000  0.000000E+000
FWHM Fit:  1.000000E+000  0.000000E+000  0.000000E+000
Efficiency Terms:  0.000000  0.000000  0.000000  0.000000  0.000000
  0.000000  0.000000  0.000000  0.000000  0.000000


SPECTRUM
     0:          0          0          0          0          0
     5:          0          0          0          0        232
    10:       3237       2870        695         55         33
    15:         40         50         50         44         42
    20:         47         52         49         44         34
    25:         55         54         61         40         57
    30:         39         65         45         46         46
    35:         56         58         51         55         77
    40:         52         42         57         64         66
    45:         55         57         71         69         57
    50:         60         77         67         69         54
    55:         66         73         75         68         65
    60:         53         58         75         70         74
    65:         66         66         75         68         81
    70:         81         67         79         91         82
    75:         81         91         85         93         99
    80:         79         98        104        104        102
    85:        112        105        116        112        124
    90:        117        137        116        110        119
    95:        100        137        122        128        127
   100:        139        148        123        154        158
   105:        137        143        161        188        168
   110:        163        153        162        176        165
   115:        166        161        174        167        156
   120:        175        183        196        161        179
   125:        180        176        189        174        198
   130:        192        181        157        161        163
   135:        170        197        189        216        196
   140:        195        184        191        170        148
   145:        163        193        186        162        203
   150:        176        182        204        187        157
   155:        190        163        193        187        193
   160:        179        189        181        194        209
   165:        181        176        181        170        186
   170:        199        169        172        196        186
   175:        170        156        171        191        166
   180:        170        179        177        183        171
   185:        161        165        181        172        197
   190:        167        165        171        174        170
   195:        178        166        147        173        176
   200:        170        174        182        155        173
   205:        150        183        180        162        146
   210:        157        168        156        172        131
   215:        156        161        163        179        156
   220:        167        155        141        150        159
   225:        153        168        143        147        174
   230:        161        148        140        138        135
   235:        158        129        144        145        137
   240:        152        132        130        158        146
   245:        151        160        135        156        143
   250:        137        138        131        110        143
   255:        133        148        140        140        152
   260:        123        134        156        148        150
   265:        135        156        138        113        128
   270:        145        110        168        148        146
   275:        161        139        132        134        128
   280:        106        139        114        136        129
   285:        144        128        111        129        145
   290:        133        124        139        127        142
   295:        130        132        125        129        121
   300:        137        139        122        132        142
   305:        117        107        111        115         96
   310:        113        108        116        106        124
   315:        119        118        125        124        106
   320:        104        107        121        124         98
   325:        102        123        115         99        113
   330:        125        120        109        102        118
   335:        100         90         96         95        109
   340:        122        113        106        105        104
   345:         97         95         89        112        102
   350:         78        104         86        122         80
   355:         94         92         82         83         90
   360:         90         97         95         91         79
   365:         81         89         83         82         90
   370:         81         97         81         95         73
   375:         74         81         90         79         79
   380:         70         70         93         66         82
   385:         70         70         77         68         68
   390:         73         66         79         87         73
   395:         77         75         80         79         58
   400:         67         74         92         61         73
   405:         71         63         70         72         67
   410:         73         64         63         63         59
   415:         61         53         69         61         68
   420:         70         71         62         51         65
   425:         67         57         73         78         48
   430:         57         62         59         86         62
   435:         56         54         56         79         66
   440:         54         61         62         60         61
   445:         62         50         55         47         56
   450:         52         66         53         60         40
   455:         63         64         65         42         47
   460:         57         56         49         54         63
   465:         50         53         48         43         57
   470:         60         44         50         50         56
   475:         57         70         59         53         57
   480:         61         52         54         53         70
   485:         53         45         49         56         60
   490:         53         52         50         50         56
   495:         46         57         47         55         51
   500:         48         52         45         42         54
   505:         44         49         48         56         62
   510:         46         40         50         43         42
   515:         58         47         45         57         54
   520:         41         46         53         27         40
   525:         52         46         48         37         47
   530:         55         35         45         33         52
   535:         38         42         44         36         33
   540:         52         43         33         38         44
   545:         41         46         35         40         34
   550:         49         32         35         43         39
   555:         39         42         39         40         51
   560:         51         41         44         36         34
   565:         33         28         28         28         38
   570:         31         38         35         28         41
   575:         38         34         37         41         42
   580:         29         41         37         38         36
   585:         51         40         38         34         43
   590:         35         41         39         41         24
   595:         27         34         38         42         39
   600:         43         36         48         48         22
   605:         31         38         31         34         32
   610:         30         41         40         35         32
   615:         48         32         46         24         30
   620:         39         26         39         23         25
   625:         36         34         44         36         32
   630:         34         38         25         33         35
   635:         32         17         36         34         29
   640:         41         32         31         38         35
   645:         35         34         32         35         30
   650:         33         34         25         31         30
   655:         29         32         23         30         28
   660:         29         25         29         35         21
   665:         36         28         25         29         34
   670:         22         18         27         28         26
   675:         31         25         29         22         24
   680:         20         32         25         35         22
   685:         30         14         31         23         32
   690:         25         35         26         16         31
   695:         25         24         17         15         24
   700:         24         24         30         25         22
   705:         27         28         20         16         19
   710:         19         19         28         21         30
   715:         19         19         21         18         16
   720:         20         18         21         18         23
   725:         14         15         22         25         20
   730:         28         24         16         17         20
   735:         14         12         20         17         21
   740:         18         28         23         14         21
   745:         13         26         19         16         25
   750:         19         15         19         11         14
   755:         23         22         22         17         22
   760:         10         17         25         19         13
   765:         18         20         13         13         18
   770:         21         15         21         16         12
   775:         20         22         17         14         18
   780:         18         14         20         25         20
   785:         26         12         15         24         20
   790:         26         23         15         18         24
   795:         24         16         14         20         22
   800:         20         19         18         24         20
   805:         17         19         19         15         12
   810:         21         21         15         24         20
   815:         13         11         23         21         24
   820:         20         19         14         22         17
   825:         14          9         12         24         22
   830:         11         19         18         18         19
   835:         20         16         19         20         19
   840:         18         15         20         16         11
   845:         19         21         24         18         20
   850:         20         19         26         18         30
   855:         21         25         21         24         20
   860:         33         28         32         27         33
   865:         25         26         21         22         26
   870:         28         30         36         24         28
   875:         49         31         30         32         44
   880:         40         31         37         51         36
   885:         47         42         52         40         48
   890:         43         45         51         46         43
   895:         55         60         61         73         61
   900:         65         69         59         54         69
   905:         69         70         73         64         69
   910:         73         95         79         79         83
   915:        100         78         90         98         86
   920:         83         90         99        101         94
   925:        103        106        109        102        109
   930:         98        105        115        111        105
   935:        105        112         88        125         92
   940:        106         88        114         93         74
   945:        100         84         77         76         84
   950:         83         90         85         74         72
   955:         84         74         70         55         74
   960:         61         45         51         62         46
   965:         35         48         35         45         49
   970:         39         29         26         45         38
   975:         31         32         25         20         33
   980:         24         12         22         24         18
   985:         24         19         14         16          9
   990:          9         14          7         16          7
   995:          9         10          7          9          5
  1000:          5          6          8          5         10
  1005:          2          3          8          7          5
  1010:          5          2          4          5          4
  1015:          1          7          8          2         11
  1020:          3          3          1          4          3
  1025:          5          5          5          4          3
  1030:          1          3          4          1          2
  1035:          3          4          2          8          5
  1040:          5          5          6          5          4
  1045:          6          6          3          4          5
  1050:          1          3          1          5          5
  1055:          5          5          6          2          2
  1060:          2          3          3          1          4
  1065:          4          0          4          1          2
  1070:          5          2          1          7          2
  1075:          6          2          2          4          3
  1080:          2          2          4          2          9
  1085:          2          7          4          8          4
  1090:          2          8          6          3          3
  1095:          5          5          4          7          2
  1100:          2          2          3          3          4
  1105:          4          5          7          4          5
  1110:          4          6          5          5          2
  1115:          4          2          4          5          4
  1120:          2          3          6          3          1
  1125:          2          2          4          1          2
  1130:          3          2          1          2          1
  1135:          2          1          4          3          3
  1140:          2          1          1          3          6
  1145:          3          1          7          1          2
  1150:          3          2          6          4          3
  1155:          6          5          9          2          3
  1160:          7          2          3          3          6
  1165:          3          5          3          2          3
  1170:          5          2          3          4          3
  1175:          3          3          8          2          4
  1180:          3          3          6          1          1
  1185:          2          2          2          2          7
  1190:          6          3          4          0          4
  1195:          3          1          5          2          2
  1200:          6          0          5          3          2
  1205:          3          1          1          4          3
  1210:          3          4          2          3          1
  1215:          4          3          0          5          6
  1220:          3          3          0          3          2
  1225:          2          1          4          2          4
  1230:          3          2          6          2          3
  1235:          1          2          0          5          1
  1240:          5          2          1          2          4
  1245:          6          1          3          3          1
  1250:          2          6          3          2          6
  1255:          3          6          0          3          2
  1260:          3          2          6          3          0
  1265:          1          2          6          2          4
  1270:          5          6          5          5          7
  1275:          6          3          8          4          2
  1280:          6          7          4          1          5
  1285:          3          4          2          4          3
  1290:          1          3          3          3          4
  1295:          1          2          5          5          3
  1300:          4          7          2          4          3
  1305:          4          5          2          5          5
  1310:          3          1          4          3          2
  1315:          3          3          4          4          2
  1320:          3          5          2          3          4
  1325:          7          2          2          4          3
  1330:          4          2          2          3          2
  1335:          4          7          2          2          4
  1340:          2          1          4          2          2
  1345:          1          7          5          1          1
  1350:          1          3          1          4          4
  1355:          2          7          4          3          2
  1360:          8          2          2          3          2
  1365:          3          3          6          3          1
  1370:          1          3          4          4          1
  1375:          2          2          1          4          1
  1380:          3          4          2          0          2
  1385:          2          2          2          3          2
  1390:          1          3          1          2          3
  1395:          0          0          1          2          0
  1400:          1          2          1          1          3
  1405:          2          1          1          4          1
  1410:          1          2          2          2          1
  1415:          3          4          4          1          2
  1420:          4          2          2          3          2
  1425:          3          3          2          2          0
  1430:          3          3          1          1          2
  1435:          2          0          3          2          5
  1440:          0          0          2          3          2
  1445:          3          3          1          1          2
  1450:          1          4          0          0          3
  1455:          0          2          1          2          1
  1460:          1          5          2          1          2
  1465:          0          0          1          7          1
  1470:          3          0          0          5          1
  1475:          2          2          2          2          2
  1480:          1          4          1          1          4
  1485:          2          1          1          4          2
  1490:          2          2          4          2          2
  1495:          4          2          1          5          1
  1500:          0          2          1          2          3
  1505:          2          4          1          2          2
  1510:          1          3          1          6          3
  1515:          1          7          1          0          4
  1520:          1          3          2          1          4
  1525:          1          3          2          3          4
  1530:          4          3          7          3          1
  1535:          3          2          4          0          1
  1540:          3          1          2          2          0
  1545:          1          4          5          1          4
  1550:          0          3          1          2          1
  1555:          3          4          3          6          5
  1560:          2          1          1          2          5
  1565:          4          2          0          5          0
  1570:          4          2          2          5          1
  1575:          3          2          2          2          0
  1580:          0          2          5          1          2
  1585:          2          4          4          3          1
  1590:          4          3          1          3          2
  1595:          1          1          3          1          4
  1600:          0          5          4          3          1
  1605:          0          1          7          1          1
  1610:          0          2          2          3          0
  1615:          3          2          3          3          3
  1620:          1          2          4          0          3
  1625:          1          2          1          2          4
  1630:          4          2          2          3          1
  1635:          5          3          6          2          1
  1640:          1          0          1          1          5
  1645:          3          2          2          4          1
  1650:          5          2          3          2          2
  1655:          1          0          2          0          2
  1660:          2          1          1          2          1
  1665:          2          2          1          4          4
  1670:          1          1          2          3          1
  1675:          3          1          3          4          0
  1680:          1          0          1          1          4
  1685:          2          2          0          1          1
  1690:          1          2          0          2          2
  1695:          1          0          0          3          3
  1700:          1          0          2          3          4
  1705:          0          0          0          3          3
  1710:          0          2          0          0          2
  1715:          0          0          1          1          0
  1720:          1          2          2          0          1
  1725:          2          0          0          0          0
  1730:          0          1          0          1          0
  1735:          4          4          0          1          3
  1740:          0          1          2          0          2
  1745:          1          1          1          4          3
  1750:          5          0          1          1          0
  1755:          0          0          1          1          0
  1760:          1          0          1          1          0
  1765:          3          5          2          0          1
  1770:          0          4          1          2          1
  1775:          0          2          3          1          1
  1780:          2          2          0          1          1
  1785:          1          0          0          1          1
  1790:          0          1          1          2          2
  1795:          1          1          2          0          1
  1800:          1          2          1          0          1
  1805:          1          1          1          2          0
  1810:          0          0          1          1          0
  1815:          1          3          1          0          1
  1820:          0          0          1          2          1
  1825:          1          0          3          0          1
  1830:          0          0          0          2          1
  1835:          0          2          0          1          1
  1840:          1          1          0          1          1
  1845:          2          2          0          0          1
  1850:          0          0          0          1          1
  1855:          0          0          0          1          0
  1860:          1          1          0          0          0
  1865:          0          2          0          1          1
  1870:          4          0          1          1          1
  1875:          0          1          3          1          1
  1880:          4          3          0          1          0
  1885:          4          0          2          0          1
  1890:          1          0          1          0          2
  1895:          3          1          1          3          1
  1900:          3          2          2          0          3
  1905:          3          1          3          2          2
  1910:          2          2          1          0          2
  1915:          1          1          3          0          1
  1920:          0          1          0          2          1
  1925:          0          0          1          1          0
  1930:          3          2          2          2          3
  1935:          0          1          5          3          3
  1940:          1          1          1          2          2
  1945:          2          1          2          7          3
  1950:          3          2          3          1          3
  1955:          2          4          1          0          5
  1960:          1          7          3          1          1
  1965:          3          3          3          0          7
  1970:          3          5          5          5          4
  1975:          2          3          8          5          1
  1980:          5          8          3          1          2
  1985:          1          1          4          1          4
  1990:          4          4          6          4          1
  1995:          4          6          2          1          1
  2000:          9          4          9          4          6
  2005:          3          2          4          3          7
  2010:          4          4          3          3          6
  2015:          4          0          0          0          0
  2020:          0          0          0          0          0
  2025:          0          0          0          0          0
  2030:          0          0          0          0          0
  2035:          0          0          0          0          0
  2040:          0          0          0          0          0
  2045:          0          0          0
