ACQUISITION INFORMATION

Detector ID:  1
Detector description:
LAB4D1 Easy-MCA-2k SN 18162513
Sample description:

Real Time:  299.999993
Live Time:  298.659993
Acquisition start date:  06Nov2019
Acquisition start time:  10:50:50
Starting channel number:   0
Number of channels:   2048


CALIBRATION INFORMATION

ENERGY CALIBRATION
Units:
Energy Fit:  0.000000E+000  1.000000E+000  0.000000E+000
FWHM Fit:  1.000000E+000  0.000000E+000  0.000000E+000
Efficiency Terms:  0.000000  0.000000  0.000000  0.000000  0.000000
  0.000000  0.000000  0.000000  0.000000  0.000000


SPECTRUM
     0:          0          0          0          0          0
     5:          0          0          0          0        198
    10:       2897       2587        683         48         34
    15:         34         31         32         40         40
    20:         43         45         29         39         45
    25:         46         44         45         37         45
    30:         50         45         40         52         31
    35:         47         58         46         53         50
    40:         39         47         59         55         51
    45:         57         52         49         48         53
    50:         55         39         53         59         65
    55:         54         58         69         61         45
    60:         73         63         58         68         73
    65:         65         73         70         65         68
    70:         81         72         81         97         70
    75:         78         86        109         90        103
    80:        104         90        100        104        105
    85:        101        107        115        108        125
    90:        132        151        136        134        128
    95:        134        127        147        161        157
   100:        156        154        154        158        177
   105:        158        152        162        167        162
   110:        157        194        164        175        210
   115:        176        172        204        171        187
   120:        176        184        188        206        221
   125:        172        193        189        173        160
   130:        217        198        215        196        209
   135:        202        188        193        203        222
   140:        211        195        201        201        196
   145:        225        165        212        171        191
   150:        197        188        197        191        193
   155:        210        212        196        210        188
   160:        202        194        195        196        182
   165:        164        211        186        182        184
   170:        196        198        208        187        196
   175:        195        213        175        170        175
   180:        166        167        164        174        182
   185:        152        194        174        210        164
   190:        169        175        162        170        158
   195:        150        157        176        169        164
   200:        171        160        174        159        145
   205:        167        176        170        176        172
   210:        166        167        169        149        173
   215:        187        157        155        151        154
   220:        163        137        145        141        167
   225:        170        127        142        157        134
   230:        138        138        153        152        135
   235:        146        140        131        154        118
   240:        132        133        120        126        111
   245:        122        117        133        147        140
   250:        146        136        120        140        144
   255:        134        158        125        111        117
   260:        101        139        129        105        139
   265:        143        156        125        137        134
   270:        109        142        124        135        121
   275:        139        111        125        135        135
   280:        110        122        118        115        136
   285:        135        121        107        108        109
   290:        102        137        105        126        102
   295:        119        108        121        111        116
   300:        126        112         85        107         92
   305:         84        107        104         97        111
   310:         92         96         86         94         95
   315:         97         85         90        101         94
   320:         92         84         95         90         88
   325:        112        102         82         90         93
   330:         97         92         86         90        102
   335:         94         94         92         85         91
   340:         76         88         87         86        100
   345:         98         91         68         84        111
   350:         85         76         79         73        102
   355:         80         68         56         65         63
   360:         83         87         68         88         72
   365:         72         64         73         69         71
   370:         56         80         63         72         77
   375:         76         66         64         46         54
   380:         61         63         72         58         61
   385:         67         47         55         60         54
   390:         68         55         58         52         56
   395:         54         46         54         55         67
   400:         60         72         54         52         57
   405:         56         58         74         47         53
   410:         55         53         50         44         63
   415:         66         47         51         46         48
   420:         65         46         61         45         58
   425:         58         53         65         50         49
   430:         45         52         48         54         57
   435:         47         53         39         48         55
   440:         44         45         59         55         43
   445:         35         45         52         48         35
   450:         44         40         51         51         41
   455:         44         44         37         43         48
   460:         46         41         51         44         44
   465:         38         44         32         37         42
   470:         33         44         43         41         43
   475:         37         49         49         39         44
   480:         36         40         51         35         46
   485:         51         40         31         42         36
   490:         35         41         54         55         41
   495:         41         32         47         53         45
   500:         40         34         46         46         41
   505:         42         35         39         38         33
   510:         39         47         31         28         28
   515:         37         46         46         31         37
   520:         49         39         34         42         48
   525:         29         40         51         39         22
   530:         36         28         37         31         27
   535:         23         20         24         32         33
   540:         33         32         36         26         28
   545:         32         21         30         31         36
   550:         29         31         28         24         47
   555:         29         24         31         26         24
   560:         26         25         35         22         28
   565:         41         26         31         34         19
   570:         22         28         34         25         27
   575:         41         33         29         23         31
   580:         32         24         34         29         23
   585:         36         23         35         37         21
   590:         18         26         28         32         34
   595:         27         34         31         40         28
   600:         34         22         41         40         30
   605:         37         28         21         30         20
   610:         25         27         37         22         24
   615:         31         26         18         25         21
   620:         27         35         26         24         28
   625:         24         24         23         25         22
   630:         23         27         29         33         26
   635:         17         24         17         24         23
   640:         17         24         13         28         18
   645:         29         33         26         26         32
   650:         24         22         19         21         23
   655:         22         28         18         28         21
   660:         17         19         25         29         32
   665:         27         25         29         23         30
   670:         26         23         34         23         14
   675:         16         20         22         26         15
   680:         27         19         21         19         20
   685:         18         18         18         24         26
   690:         17         15         19         27         30
   695:         22         22         21         19         30
   700:         25         19         23         19         16
   705:         25         17         21         16         20
   710:         16         19         19         22         20
   715:         21         24         18         17         22
   720:         15         16         11         10         27
   725:         23         19         11         18         18
   730:         30         16         26         17         21
   735:         21         12         20         18         15
   740:         17         16         26         21         21
   745:         13         20         23         12         23
   750:         14         25         14         21         19
   755:         26         19         22         25         12
   760:         18         17         10         17         20
   765:         19         15         13         20         20
   770:         15         18         16         21         12
   775:         21         15         14         16         22
   780:         16         17         16         25         13
   785:         12         14         12         19         23
   790:         20         14         12         20         18
   795:         19         24         20         14         13
   800:          8         18         17         14         18
   805:         14         21         19         16         16
   810:         17         13         26         13         14
   815:         16         19         16         24         17
   820:         17         11         19         12         14
   825:         17         17         20         18         13
   830:         29         22         15         17         17
   835:         17         25         16         16         22
   840:         17         13         18         12         17
   845:         14         11         22         22         17
   850:         17         22         17         15         15
   855:         18         24         16         20         12
   860:         11         17         16         13         21
   865:         21         26         20         18         20
   870:         24         20         24         28         16
   875:         23         21         22         20         20
   880:         25         15         16         28         26
   885:         26         34         26         26         17
   890:         33         30         32         32         30
   895:         31         30         22         28         38
   900:         32         34         24         36         38
   905:         35         36         38         38         42
   910:         33         43         45         40         37
   915:         40         41         53         44         35
   920:         37         34         37         40         45
   925:         52         44         35         34         44
   930:         58         35         37         37         43
   935:         46         43         43         46         34
   940:         39         48         43         45         44
   945:         41         36         34         39         30
   950:         39         26         33         31         37
   955:         29         34         22         33         33
   960:         29         17         23         22         16
   965:         25         19         15         21         20
   970:         16         13         23         15         21
   975:         17          6         14          9         11
   980:         14          7          6         10         10
   985:         12         10          4          9          5
   990:          7          4          8          5          6
   995:          6          4          4          6          5
  1000:          2          3          4          8          7
  1005:          4          7          2          4          5
  1010:          2          4          3          7          4
  1015:          1          4          2          5          6
  1020:          3          4          3          4          3
  1025:          2          5          4          1          4
  1030:          4          2          7          2          2
  1035:          1          6          2          4          3
  1040:          4          5          2          1          3
  1045:         12          7          6          6          3
  1050:          1          2          5          2          3
  1055:          3          4          3          3          6
  1060:          4          7          1          3          5
  1065:          7          5          6          4          4
  1070:          4          4          3          5          6
  1075:          4          4          2          1          4
  1080:          6          5          3          5          2
  1085:          5          5          1          3          5
  1090:          1          2          1          3          3
  1095:          5          4          1          5          2
  1100:          3          6          3          5          2
  1105:          6          3          5          4          7
  1110:          8          6          5          4          1
  1115:          6          4          5          6          2
  1120:          5          2          5          1          3
  1125:          1          2          1          5          3
  1130:          4          2          4          2          3
  1135:          5          1          4          2          0
  1140:          8          3          2          9          0
  1145:          5          1          3          1          2
  1150:          4          5          4          8          5
  1155:          2          2          4          4          4
  1160:          4          1          5          4          2
  1165:          4          2          4          3          4
  1170:          4          2          2          3          4
  1175:          8          2          4          1          4
  1180:          3          2          5          3          2
  1185:          3          1          2          3          6
  1190:          2          4          3          2          1
  1195:          4          7          3          2          4
  1200:          4          6          2          2          3
  1205:          2          1          4          4          3
  1210:          2          3          4          2          2
  1215:          3          5          2          5          4
  1220:          8          3          0          3          2
  1225:          3          5          4          5          0
  1230:          6          3          3          1          4
  1235:          3          3          6          3          1
  1240:          7          1          0          3          2
  1245:          2          5          1          4          0
  1250:          2          6          7          1          6
  1255:          6          3          3          3          5
  1260:          2          4          5          2          5
  1265:          2          5          3          1          3
  1270:          3          4          5          2          5
  1275:          0          3          6          2          5
  1280:          4          3          8          3          2
  1285:          3          6          1          0          2
  1290:          6          4          2          2          5
  1295:          4          2          2          3          4
  1300:          1          5          6          4          1
  1305:          0          4          1          1          4
  1310:          2          2          7          5          2
  1315:          7          1          1          0          3
  1320:          4          3          3          2          2
  1325:          4          4          0          3          3
  1330:          5          2          5          3          2
  1335:          4          2          3          3          2
  1340:          2          3          1          4          3
  1345:          4          4          3          4          1
  1350:          2          2          2          4          4
  1355:          2          4          2          3          1
  1360:          3          3          2          3          2
  1365:          2          4          2          1          0
  1370:          3          4          1          3          3
  1375:          1          2          1          2          2
  1380:          1          3          2          4          1
  1385:          2          2          3          2          2
  1390:          2          1          2          1          6
  1395:          0          2          0          2          3
  1400:          5          2          4          5          0
  1405:          0          1          2          2          2
  1410:          0          1          3          1          0
  1415:          4          4          0          1          3
  1420:          1          2          3          4          2
  1425:          2          0          1          3          3
  1430:          4          2          1          2          5
  1435:          1          0          1          2          2
  1440:          4          1          2          0          0
  1445:          2          0          4          4          0
  1450:          2          0          3          0          1
  1455:          3          2          2          1          1
  1460:          8          2          1          1          1
  1465:          3          7          1          4          3
  1470:          1          3          1          3          2
  1475:          1          3          2          1          4
  1480:          2          1          1          3          3
  1485:          1          2          1          0          0
  1490:          1          2          3          2          3
  1495:          3          3          2          3          4
  1500:          2          2          0          1          1
  1505:          3          4          2          1          0
  1510:          2          1          1          1          0
  1515:          3          3          1          3          7
  1520:          2          4          4          1          2
  1525:          2          3          1          2          1
  1530:          5          3          3          4          0
  1535:          0          2          2          5          5
  1540:          1          0          2          3          1
  1545:          2          5          4          2          2
  1550:          1          3          2          1          2
  1555:          0          4          0          1          4
  1560:          0          2          3          0          2
  1565:          4          1          1          4          2
  1570:          2          4          3          4          5
  1575:          0          2          8          4          2
  1580:          2          2          2          3          1
  1585:          2          3          4          2          3
  1590:          6          3          3          2          3
  1595:          1          5          2          2          2
  1600:          3          1          2          1          1
  1605:          3          6          2          1          0
  1610:          1          2          1          3          2
  1615:          5          0          2          2          1
  1620:          1          2          3          2          1
  1625:          2          2          1          1          2
  1630:          2          1          1          1          1
  1635:          2          1          2          1          4
  1640:          2          0          1          2          2
  1645:          2          4          1          2          1
  1650:          2          3          1          1          3
  1655:          4          2          3          1          2
  1660:          2          2          1          3          1
  1665:          0          2          1          3          4
  1670:          3          4          1          5          4
  1675:          3          0          3          0          0
  1680:          0          1          1          2          1
  1685:          3          1          2          1          0
  1690:          0          2          2          6          3
  1695:          1          0          3          1          0
  1700:          0          1          2          2          6
  1705:          2          0          2          3          2
  1710:          1          1          1          0          2
  1715:          1          1          4          0          1
  1720:          3          5          2          0          2
  1725:          2          3          2          1          0
  1730:          0          3          0          1          0
  1735:          0          0          2          2          1
  1740:          2          1          1          0          2
  1745:          2          0          1          0          1
  1750:          2          2          1          3          2
  1755:          0          1          1          1          1
  1760:          0          1          1          2          0
  1765:          2          2          4          1          1
  1770:          2          0          3          1          1
  1775:          2          3          0          2          1
  1780:          0          0          1          0          1
  1785:          1          0          3          2          0
  1790:          2          1          0          0          1
  1795:          2          1          0          1          4
  1800:          1          0          1          0          3
  1805:          0          1          0          1          1
  1810:          1          0          0          0          2
  1815:          0          2          0          0          0
  1820:          0          0          0          1          1
  1825:          0          0          1          1          1
  1830:          0          0          1          0          2
  1835:          0          1          1          2          1
  1840:          1          2          0          0          1
  1845:          2          2          0          2          0
  1850:          0          2          1          1          2
  1855:          1          2          1          1          1
  1860:          1          0          1          0          0
  1865:          0          2          1          0          0
  1870:          1          0          1          0          1
  1875:          2          0          1          0          0
  1880:          0          2          4          0          3
  1885:          1          1          0          1          1
  1890:          2          1          2          0          2
  1895:          0          5          0          1          2
  1900:          1          3          3          3          0
  1905:          1          3          0          0          1
  1910:          3          3          2          2          0
  1915:          1          0          3          2          1
  1920:          1          2          1          1          0
  1925:          0          0          0          1          0
  1930:          1          2          1          3          1
  1935:          2          2          3          4          2
  1940:          1          0          3          4          2
  1945:          0          2          1          3          1
  1950:          3          2          4          3          3
  1955:          2          1          2          2          3
  1960:          7          3          3          4          4
  1965:          8          3          4          3          5
  1970:          5          4          2          1          1
  1975:          8          5          3          4          1
  1980:          8          4          2          3          3
  1985:          5          6          4          4          3
  1990:          5          2          3          7         10
  1995:          2          3          3          2          1
  2000:          4          1          2          4          1
  2005:          3          2          4          1          4
  2010:          2          2          1          2          4
  2015:          3          0          0          0          0
  2020:          0          0          0          0          0
  2025:          0          0          0          0          0
  2030:          0          0          0          0          0
  2035:          0          0          0          0          0
  2040:          0          0          0          0          0
  2045:          0          0          0
