ACQUISITION INFORMATION

Detector ID:  1
Detector description:
LAB4D1 Easy-MCA-2k SN 18162513
Sample description:

Real Time:  299.999993
Live Time:  298.519993
Acquisition start date:  06Nov2019
Acquisition start time:  10:07:01
Starting channel number:   0
Number of channels:   2048


CALIBRATION INFORMATION

ENERGY CALIBRATION
Units:
Energy Fit:  0.000000E+000  1.000000E+000  0.000000E+000
FWHM Fit:  1.000000E+000  0.000000E+000  0.000000E+000
Efficiency Terms:  0.000000  0.000000  0.000000  0.000000  0.000000
  0.000000  0.000000  0.000000  0.000000  0.000000


SPECTRUM
     0:          0          0          1          0          0
     5:          0          0          0          0        245
    10:       3243       3044        761         49         43
    15:         51         45         46         39         47
    20:         38         45         41         35         58
    25:         64         45         60         54         52
    30:         52         60         45         47         67
    35:         53         64         60         54         68
    40:         57         61         52         57         61
    45:         61         63         66         59         55
    50:         67         71         63         61         70
    55:         59         73         61         65         70
    60:         59         72         80         53         75
    65:         73         72         86         86         72
    70:         79        103         84         79         79
    75:        100         76         96         90        105
    80:         93         97        121        118        114
    85:        109        114        105        124        138
    90:        107        119        110        139        130
    95:        157        153        132        128        161
   100:        137        147        145        143        171
   105:        143        145        155        150        192
   110:        151        156        154        131        151
   115:        171        156        179        163        154
   120:        187        184        178        165        181
   125:        157        174        177        190        154
   130:        176        171        154        186        164
   135:        160        153        189        172        177
   140:        168        202        165        149        176
   145:        203        186        161        167        171
   150:        176        183        214        170        190
   155:        186        170        181        177        205
   160:        158        145        177        167        167
   165:        166        212        190        170        203
   170:        165        186        163        182        183
   175:        195        178        172        183        180
   180:        152        183        195        157        192
   185:        181        171        172        185        157
   190:        171        183        160        155        176
   195:        161        156        176        149        168
   200:        182        173        168        162        185
   205:        170        172        143        143        163
   210:        163        124        163        148        161
   215:        159        139        171        147        152
   220:        154        162        160        146        134
   225:        148        147        153        122        156
   230:        167        148        147        148        155
   235:        154        148        155        141        144
   240:        139        150        145        157        156
   245:        143        138        153        170        158
   250:        157        146        148        127        160
   255:        148        166        168        160        143
   260:        149        152        148        164        149
   265:        150        149        126        136        134
   270:        113        143        144        162        163
   275:        160        155        138        138        141
   280:        144        153        144        131        138
   285:        148        117        133        135        134
   290:        149        140        138        129        134
   295:        131        130        120        125        139
   300:        140        123        139        127        139
   305:        126        156        112        133        127
   310:        125        128        118        123        116
   315:        130        114        110        122        119
   320:        121        119        124        117        115
   325:        102        117        105         98        113
   330:        114        106        102        110        131
   335:        100        106         93        106        104
   340:        126        109        107        114        123
   345:        100         92         81         90         97
   350:        101         90        110         97        107
   355:        101        104         86        103         93
   360:         97         79         69         81         86
   365:         92         92         96         98         89
   370:         94         85         77         86         88
   375:         84         82         77         76         76
   380:         91         84         85         83         74
   385:         74         76         84         84         92
   390:         65         87         70         74         77
   395:         72         87         61         83         69
   400:         78         86         51         59         75
   405:         71         82         72         74         65
   410:         79         75         61         72         79
   415:         68         60         86         63         78
   420:         83         61         76         63         64
   425:         60         58         51         85         67
   430:         67         63         69         76         66
   435:         69         68         86        101         52
   440:         52         59         60         57         60
   445:         58         39         75         60         51
   450:         53         56         58         70         70
   455:         52         55         51         71         48
   460:         57         53         67         58         40
   465:         47         53         66         60         58
   470:         55         50         56         50         66
   475:         53         61         68         74         61
   480:         51         56         50         68         59
   485:         52         55         55         67         61
   490:         43         72         56         57         43
   495:         47         62         40         49         51
   500:         59         60         49         50         56
   505:         52         60         58         47         42
   510:         43         52         56         41         53
   515:         36         54         63         48         48
   520:         59         39         50         56         60
   525:         39         56         39         39         35
   530:         38         40         34         48         40
   535:         41         58         39         41         47
   540:         40         49         47         47         39
   545:         36         33         41         37         42
   550:         44         39         45         35         35
   555:         43         48         46         35         54
   560:         42         32         39         39         46
   565:         47         46         48         43         45
   570:         42         33         38         42         44
   575:         50         53         39         37         40
   580:         37         46         32         41         59
   585:         46         45         35         25         40
   590:         41         48         48         32         39
   595:         39         30         27         42         38
   600:         34         30         40         25         40
   605:         38         32         53         37         47
   610:         39         52         50         53         37
   615:         34         30         47         34         36
   620:         33         28         42         46         45
   625:         26         32         41         42         43
   630:         27         35         29         37         28
   635:         48         38         36         49         34
   640:         32         43         40         38         23
   645:         28         35         28         29         39
   650:         33         38         30         27         26
   655:         26         37         31         25         30
   660:         31         42         27         25         33
   665:         33         26         31         39         38
   670:         29         27         28         26         29
   675:         28         27         23         23         24
   680:         27         27         21         26         26
   685:         29         34         42         22         14
   690:         31         26         21         29         21
   695:         17         19         26         29         27
   700:         20         25         19         18         25
   705:         24         24         23         24         23
   710:         23         17         21         28         17
   715:         24         20         30         23         16
   720:         22         25         21         23         21
   725:         22         17         19         20         30
   730:         24         21         21         20         17
   735:         14         13         25         12         36
   740:         27         23         20         33         28
   745:         17         26         26         27         17
   750:         23         19         19         14         22
   755:         24         24         17         18         20
   760:         21         24         14         25         19
   765:         24         22         13         27         21
   770:         14         24         25         22         17
   775:         14         13         24         26         22
   780:         23         28         15         12         21
   785:         23         13         14         12         18
   790:         18         19         14         18         14
   795:         19         18         16         15         13
   800:         24         16         15         12         17
   805:         25         26         18         22         17
   810:         24         17         17         19         27
   815:         13         22         17         18         20
   820:         23         23         15         24         16
   825:         18         25         22         26         20
   830:         18         17         21         21         30
   835:         21         24         18         21         29
   840:         18         25         19         21         26
   845:         26         10         13         20         16
   850:         26         17         22         17         22
   855:         23         25         26         22         21
   860:         17         25         16         15         17
   865:         32         26         36         35         30
   870:         38         30         31         36         33
   875:         26         34         31         43         29
   880:         44         48         36         39         39
   885:         40         43         42         41         42
   890:         51         44         43         48         55
   895:         65         60         62         58         65
   900:         68         68         75         77         79
   905:         74         75        101         90         95
   910:         99        105         70         90         97
   915:         98         80        111        113        104
   920:        106        105        124        103        114
   925:        116        102        119        129        114
   930:        118        116        115        115        106
   935:        109        105        113        115        110
   940:        108        123        112        101        122
   945:        101         90        113         97        103
   950:         92         87        105         88         80
   955:         77         91         79         73         65
   960:         80         64         70         60         57
   965:         63         57         41         48         70
   970:         45         46         31         46         42
   975:         38         31         38         34         33
   980:         23         27         20         20         19
   985:         27         14          8         21         14
   990:         14          9         11          7          9
   995:          6          5          8          9         11
  1000:          7          8          8          6          5
  1005:          8          5         10          8          3
  1010:          5          1          7          5          7
  1015:          3          3          5          8          2
  1020:          4          5          6          3          3
  1025:          5          8          3          3          3
  1030:          4          2          3          6          1
  1035:          4          1          7          7          5
  1040:          7          5          4          4          2
  1045:          5          4          7          3          5
  1050:          6          3          3          2          2
  1055:          5          7          4          6          3
  1060:          3          2          4          7          5
  1065:          2          2          3          5          4
  1070:          2          2          1          0          3
  1075:          6          5          8          1          4
  1080:          5          3          3          6          4
  1085:          5          2          4          1          5
  1090:          3          4          7          7          4
  1095:          4          5          4          6          5
  1100:          3          3          7          1          3
  1105:          2          5          6          2          6
  1110:          1          1          8          3          4
  1115:          3          2          0          4          0
  1120:          2          5          2          5          5
  1125:          3          4          4          5          2
  1130:          8          3          1          1          4
  1135:          3          4          2          3          1
  1140:          2          3          5          4          4
  1145:          3          3          3          3          3
  1150:          0          3          4          2          4
  1155:          5          5          2          4          4
  1160:          4          7          1          3          4
  1165:          0          0          6          4          4
  1170:          4          6          3          2          2
  1175:          3          4          3          4          2
  1180:          3          2          3          1          5
  1185:          2          5          3          5          3
  1190:          5          5          5          1          4
  1195:          3          1          5          2          1
  1200:          5          0          3          2          2
  1205:          3          6          2          0          6
  1210:          3          7          3          2          1
  1215:          3          4          2          0          0
  1220:          5          2          5          5          5
  1225:          3          3          2          4          3
  1230:          0          1          3          2          2
  1235:          3          3          5          0          1
  1240:          4          5          6          0          2
  1245:          3          3          2          3          2
  1250:          5          3          6          5          2
  1255:          1          0          3          4          2
  1260:          1          1          4          3          4
  1265:          4          4          5          2          4
  1270:          2          6          5          6          3
  1275:          1          4          3          3          3
  1280:          3          3          1          4          3
  1285:          2          3          2          7          3
  1290:          4          3          2          1          4
  1295:          3          2          5          3          2
  1300:          2          2          5          2          2
  1305:          3          4          3          2          5
  1310:          3          4          5          4          3
  1315:          1          3          2          3          2
  1320:          3          2          1          3          3
  1325:          6          5          5          8          5
  1330:          1          2          3          4          3
  1335:          1          2          4          1          5
  1340:          3          1          2          5          2
  1345:          3          4          3          4          0
  1350:          3          1          0          6          5
  1355:          3          1          5          5          6
  1360:          2          4          2          4          2
  1365:          1          2          3          4          2
  1370:          1          2          1          2          2
  1375:          3          3          3          7          8
  1380:          1          2          9          2          2
  1385:          3          2          4          6          3
  1390:          5          4          1          5          1
  1395:          2          0          4          3          3
  1400:          3          1          0          2          0
  1405:          2          1          2          3          3
  1410:          1          3          3          1          1
  1415:          0          1          1          3          1
  1420:          3          2          5          1          2
  1425:          2          3          3          1          2
  1430:          3          1          1          5          2
  1435:          3          6          0          0          2
  1440:          3          2          5          4          1
  1445:          1          2          3          0          1
  1450:          4          3          1          1          2
  1455:          4          2          3          1          2
  1460:          1          2          2          4          4
  1465:          5          1          4          1          6
  1470:          1          2          1          1          4
  1475:          2          1          1          5          2
  1480:          2          3          1          3          2
  1485:          4          3          1          0          4
  1490:          3          4          1          2          1
  1495:          2          3          0          2          2
  1500:          1          5          4          2          1
  1505:          2          0          0          2          4
  1510:          0          1          2          1          3
  1515:          1          1          1          2          0
  1520:          0          1          1          5          3
  1525:          0          4          6          1          1
  1530:          3          7          3          0          1
  1535:          3          0          2          1          3
  1540:          3          3          3          2          2
  1545:          0          5          4          5          1
  1550:          3          4          2          2          3
  1555:          5          8          4          4          3
  1560:          3          2          1          1          5
  1565:          4          3          3          2          2
  1570:          0          0          2          3          2
  1575:          1          3          3          2          1
  1580:          1          1          1          3          1
  1585:          0          2          2          2          1
  1590:          1          4          2          3          2
  1595:          3          3          0          0          4
  1600:          1          3          2          5          4
  1605:          4          1          3          3          2
  1610:          4          2          5          4          1
  1615:          2          1          4          2          1
  1620:          1          0          3          1          1
  1625:          1          2          3          3          1
  1630:          2          4          2          3          2
  1635:          0          0          4          5          3
  1640:          2          4          0          3          4
  1645:          1          1          4          1          1
  1650:          1          3          2          1          3
  1655:          1          0          3          2          1
  1660:          2          1          2          2          3
  1665:          1          2          2          6          1
  1670:          2          1          0          6          4
  1675:          1          0          0          2          1
  1680:          2          0          3          1          2
  1685:          0          3          3          1          1
  1690:          4          3          1          2          1
  1695:          3          3          0          0          2
  1700:          3          1          0          2          0
  1705:          1          4          0          3          3
  1710:          1          0          3          2          0
  1715:          2          3          2          2          1
  1720:          1          2          2          2          0
  1725:          1          0          0          0          0
  1730:          1          1          2          2          0
  1735:          1          1          2          0          1
  1740:          1          3          2          1          0
  1745:          1          3          1          3          1
  1750:          1          1          1          0          0
  1755:          1          1          3          1          0
  1760:          1          1          0          1          1
  1765:          3          1          2          0          0
  1770:          0          0          0          2          1
  1775:          0          1          0          2          0
  1780:          3          0          0          3          1
  1785:          1          2          1          0          4
  1790:          0          2          1          2          0
  1795:          0          2          3          1          1
  1800:          0          0          3          0          0
  1805:          0          2          1          0          0
  1810:          0          1          1          2          2
  1815:          0          1          2          2          2
  1820:          0          0          3          1          2
  1825:          0          1          0          1          1
  1830:          2          1          0          2          0
  1835:          1          2          0          1          1
  1840:          1          1          0          1          0
  1845:          1          1          0          1          2
  1850:          3          0          0          0          0
  1855:          0          4          1          0          0
  1860:          3          0          0          2          0
  1865:          3          1          1          0          2
  1870:          0          1          1          0          1
  1875:          0          0          1          1          1
  1880:          3          3          1          1          0
  1885:          2          1          0          0          3
  1890:          1          0          2          2          1
  1895:          2          2          2          3          0
  1900:          1          2          0          0          1
  1905:          1          1          1          0          0
  1910:          0          0          0          3          3
  1915:          4          1          0          1          2
  1920:          0          1          2          1          0
  1925:          1          2          0          2          1
  1930:          1          2          2          1          3
  1935:          3          1          1          1          2
  1940:          1          1          1          1          0
  1945:          4          1          3          2          6
  1950:          0          4          0          1          1
  1955:          2          5          2          4          3
  1960:          6          6          5          4          1
  1965:          5          4          1          7          3
  1970:          9          3          6          2          6
  1975:          4          3          5          4          2
  1980:          5          3          4          2          2
  1985:          4          3          1          3          4
  1990:          3          1          2          5          3
  1995:          2          1          0          3          2
  2000:          7          4          5          3          5
  2005:          2          2          4          2          4
  2010:          6          1          2          2          3
  2015:          4          0          0          0          0
  2020:          0          0          0          0          0
  2025:          0          0          0          0          0
  2030:          0          0          0          0          0
  2035:          0          0          0          0          0
  2040:          0          0          0          0          0
  2045:          0          0          0
