ACQUISITION INFORMATION

Detector ID:  1
Detector description:
LAB4D1 Easy-MCA-2k SN 18162513
Sample description:

Real Time:  299.999993
Live Time:  298.559993
Acquisition start date:  06Nov2019
Acquisition start time:  10:38:09
Starting channel number:   0
Number of channels:   2048


CALIBRATION INFORMATION

ENERGY CALIBRATION
Units:
Energy Fit:  0.000000E+000  1.000000E+000  0.000000E+000
FWHM Fit:  1.000000E+000  0.000000E+000  0.000000E+000
Efficiency Terms:  0.000000  0.000000  0.000000  0.000000  0.000000
  0.000000  0.000000  0.000000  0.000000  0.000000


SPECTRUM
     0:          0          0          0          0          0
     5:          0          0          0          0        264
    10:       3162       2834        702         58         47
    15:         52         59         50         37         45
    20:         54         47         45         55         55
    25:         65         54         43         51         48
    30:         56         54         51         51         62
    35:         51         67         52         64         56
    40:         58         70         56         56         59
    45:         71         75         53         55         64
    50:         75         63         85         83         61
    55:         69         66         69         71         66
    60:         74         83         75         87         72
    65:         76         83         66         83         95
    70:         99         92         99        101         70
    75:        100         97        110        108        102
    80:        125         92        116        110        102
    85:        124        103        112        130        139
    90:        133        128        157        136        138
    95:        138        147        140        188        179
   100:        170        158        157        180        183
   105:        193        175        168        164        187
   110:        203        193        173        179        206
   115:        204        203        205        209        184
   120:        212        198        201        218        206
   125:        235        214        235        199        205
   130:        217        224        189        217        218
   135:        199        208        213        200        193
   140:        219        221        226        220        229
   145:        217        204        235        206        193
   150:        228        229        192        217        210
   155:        226        234        204        212        182
   160:        207        204        217        223        224
   165:        221        221        220        201        232
   170:        224        219        178        208        215
   175:        224        220        210        201        210
   180:        189        218        219        184        178
   185:        204        195        200        183        222
   190:        186        185        194        212        195
   195:        196        210        182        208        206
   200:        183        172        172        208        155
   205:        194        202        187        193        179
   210:        178        185        165        169        161
   215:        155        199        168        171        182
   220:        179        185        141        168        172
   225:        156        174        173        174        171
   230:        165        172        167        162        169
   235:        140        169        172        171        131
   240:        177        161        158        148        164
   245:        151        141        154        168        148
   250:        166        154        175        173        160
   255:        159        162        143        143        146
   260:        141        140        146        162        172
   265:        155        150        121        147        138
   270:        154        147        134        154        152
   275:        160        152        134        155        133
   280:        139        158        178        152        171
   285:        150        133        139        115        161
   290:        140        143        128        115        138
   295:        127        134        147        118        120
   300:        124        136        119        123        139
   305:        135        119        123        138        138
   310:        130        124        112        102        115
   315:        118        110        124        123        118
   320:        101        115        134        116        113
   325:        109         91         93        115        105
   330:         99         98        113        122        115
   335:         95        113         97        111        102
   340:        110        102         99        107        106
   345:        128         99        100        118         85
   350:        106        116         96         89         94
   355:         96        101         84         88         82
   360:         90        103         87        105         64
   365:         86         84         84         75         75
   370:         70         85         93         80        105
   375:         85         75        100         66         84
   380:         85         82         76         90         78
   385:         76         77         79         85         80
   390:         84         76         66         74         70
   395:         76         68         75         68         80
   400:         70         80         81         70         82
   405:         70         92         61         74         67
   410:         68         85         66         82         69
   415:         77         71         55         86         69
   420:         77         66         68         72         54
   425:         70         74         80         56         61
   430:         66         51         63         69         68
   435:         74         70         82         75         43
   440:         53         43         70         69         82
   445:         46         56         62         62         66
   450:         55         65         51         61         45
   455:         61         65         43         52         63
   460:         58         28         56         43         57
   465:         56         51         50         53         50
   470:         62         58         54         56         48
   475:         47         58         59         57         49
   480:         49         51         53         44         57
   485:         58         48         54         49         46
   490:         59         50         46         62         53
   495:         46         52         58         50         51
   500:         55         67         49         46         62
   505:         51         58         50         50         43
   510:         51         47         49         44         55
   515:         58         47         64         45         46
   520:         68         48         58         50         44
   525:         57         54         46         37         53
   530:         46         51         47         52         42
   535:         55         41         40         40         37
   540:         36         36         54         41         54
   545:         36         42         40         37         37
   550:         33         43         37         40         29
   555:         52         45         43         41         45
   560:         43         44         41         41         44
   565:         41         35         43         34         43
   570:         34         48         26         41         39
   575:         42         41         39         35         36
   580:         45         36         42         39         37
   585:         49         49         40         38         42
   590:         32         37         30         42         36
   595:         49         47         34         44         47
   600:         33         28         50         50         42
   605:         46         30         46         30         30
   610:         42         41         34         37         28
   615:         41         30         38         33         37
   620:         41         42         38         36         47
   625:         37         33         42         42         31
   630:         38         37         44         31         29
   635:         43         35         38         39         31
   640:         35         33         40         36         36
   645:         34         30         33         37         35
   650:         27         31         41         27         28
   655:         30         19         31         21         24
   660:         24         30         27         26         32
   665:         28         25         30         24         30
   670:         27         31         27         25         33
   675:         24         28         26         24         24
   680:         25         16         27         25         26
   685:         30         36         28         35         20
   690:         29         31         17         25         22
   695:         23         18         18         29         21
   700:         15         28         23         18         31
   705:         24         17         19         26         17
   710:         33         17         19         25         32
   715:         28         24         27         24         18
   720:         19         27         20         32         29
   725:         26         23         17         30         14
   730:         25         25         19         23         27
   735:         27         27         24         23         16
   740:         22         15         22         28         27
   745:         25         19         21         11         22
   750:         26         23         27         16         25
   755:         28         22         24         21         21
   760:         18         19         18         21         21
   765:         17         21         25         20         20
   770:         14         23         17         26         27
   775:         23         20         21         21         23
   780:         23         22         18         24         22
   785:         16         23         15         17         16
   790:         22         21         22         23         25
   795:         21         22         16         15         29
   800:         22         20         21         20         23
   805:         19         14         16         11         15
   810:         17         19         31         14         25
   815:         21         19         17         13         15
   820:         22         17         19         18         24
   825:         20         28         17         18         24
   830:         18         22         24         16         22
   835:         21         12         24         17          9
   840:         21         19         21         20         23
   845:         22         24         20         26         21
   850:         26         37         16         23         18
   855:         25         24         29         26         29
   860:         30         22         33         32         21
   865:         21         25         17         26         19
   870:         24         29         32         33         30
   875:         41         25         37         30         32
   880:         35         27         29         37         34
   885:         31         41         46         49         42
   890:         38         52         48         59         49
   895:         49         59         42         56         69
   900:         44         57         64         49         59
   905:         55         85         69         73         80
   910:         67         87         72         84         76
   915:         71         92         99        100         68
   920:         73         70         88         98         99
   925:        107         96         93         86         81
   930:         86         92        107         76         79
   935:         80         91         79         78        100
   940:         86         71         86         70         86
   945:         79         76         77         74         64
   950:         76         73         59         62         63
   955:         57         55         47         69         56
   960:         50         43         40         47         42
   965:         41         45         30         39         32
   970:         32         33         37         36         19
   975:         20         26         19         16         19
   980:         19         15         21         10         14
   985:         11         14         17          5          9
   990:         14         14         10         19         12
   995:         14          8         12          9          6
  1000:          7          8          8          3          6
  1005:          0          9          3          7          7
  1010:          2          6          5          4          7
  1015:          6          4          8          3          4
  1020:          5          3          4          4          1
  1025:          6          4          4          3          6
  1030:          2          6          5          4          8
  1035:          3          1          3          2          3
  1040:          7          6          3          4          3
  1045:          3          5          3          3          3
  1050:          3          6          0          4          2
  1055:          7          1          2          4          4
  1060:          5          7          3          3          7
  1065:          6          6          5          2          3
  1070:          2          8          4          5          6
  1075:          7          3          1          3          4
  1080:          4          3          4          5          3
  1085:          2          4          4          3          4
  1090:          3          3          6          2          3
  1095:          2          3          8          3          3
  1100:          3          1          6          1          4
  1105:          7          5          4          1          4
  1110:          5          4          3          2          3
  1115:          5          4          2          1          1
  1120:          5          6          2          2          2
  1125:          4          1          6          6          7
  1130:          6          2          2          2          4
  1135:          5          2          8          1          4
  1140:          4          2          0          4          3
  1145:          2          1          3          3          3
  1150:          2          4          2          6          5
  1155:          4          3          4          3          2
  1160:          1          4          4          6          4
  1165:          3          2          4          8          3
  1170:          4          2          3          3          3
  1175:          0          4          2          3          3
  1180:          1          4          7          3          3
  1185:          5          5          3          4          6
  1190:          3          0          3          5          4
  1195:          2          2          2          3          5
  1200:          3          5          3          7          5
  1205:          4          0          1          2          4
  1210:          4          2          1          3          3
  1215:          2          4          2          4          3
  1220:          4          3          5          2          2
  1225:          3          4          2          2          6
  1230:          2          3          3          3          2
  1235:          0          1          2          6          3
  1240:          3          3          1          0          3
  1245:          2          0          1          3          2
  1250:          4          1          1          3          4
  1255:          8          1          3          2          3
  1260:          4          2          0          2          3
  1265:          8          1          3          4          3
  1270:          3          1          3          7          1
  1275:          3          2          3          2          5
  1280:          3          3          5          3          1
  1285:          6          1          0          5          1
  1290:          3          6          7          9          2
  1295:          9          2          4          2          0
  1300:          3          5          3          5          3
  1305:          4          1          4          5          2
  1310:          2          1          5          1          8
  1315:          4          3          3          7          6
  1320:          4          0          6          2          3
  1325:          5          1          0          2          2
  1330:          6          2          7          2          2
  1335:          2          4          2          1          3
  1340:          1          0          2          6          2
  1345:          0          5          2          3          4
  1350:          3          2          7          4          4
  1355:          3          1          4          3          6
  1360:          4          5          5          2          5
  1365:          4          3          3          5          1
  1370:          2          6          3          2          2
  1375:          3          2          1          4          4
  1380:          1          1          2          2          1
  1385:          2          2          2          2          3
  1390:          0          4          6          1          6
  1395:          3          1          2          2          0
  1400:          2          4          1          3          2
  1405:          4          1          0          2          4
  1410:          1          1          3          2          3
  1415:          7          2          1          2          2
  1420:          5          3          1          0          0
  1425:          2          2          2          1          0
  1430:          4          4          0          1          2
  1435:          2          4          3          6          2
  1440:          0          2          2          1          2
  1445:          2          3          4          3          2
  1450:          3          1          3          2          5
  1455:          8          3          2          5          2
  1460:          0          4          0          4          3
  1465:          1          1          2          1          1
  1470:          4          1          4          2          1
  1475:          4          1          2          0          1
  1480:          3          2          1          3          2
  1485:          1          2          5          0          3
  1490:          1          2          5          0          1
  1495:          1          5          2          2          3
  1500:          1          5          4          3          3
  1505:          1          2          1          3          2
  1510:          3          2          5          3          1
  1515:          3          2          1          3          2
  1520:          0          4          4          1          1
  1525:          0          3          1          7          2
  1530:          1          1          3          1          2
  1535:          0          1          2          5          2
  1540:          2          4          2          5          1
  1545:          1          2          1          3          2
  1550:          2          1          3          1          1
  1555:          2          1          1          5          2
  1560:          0          4          3          4          2
  1565:          3          1          2          6          6
  1570:          4          2          3          2          2
  1575:          6          3          3          3          2
  1580:          5          1          2          1          3
  1585:          2          5          4          2          2
  1590:          1          1          2          3          0
  1595:          4          1          2          3          2
  1600:          2          3          2          2          2
  1605:          1          1          4          1          3
  1610:          3          1          2          0          2
  1615:          2          4          3          4          4
  1620:          2          1          1          2          2
  1625:          2          3          0          0          7
  1630:          1          0          4          0          1
  1635:          2          1          2          2          0
  1640:          0          1          0          0          2
  1645:          2          1          3          1          1
  1650:          0          2          4          0          1
  1655:          2          2          2          3          3
  1660:          1          0          2          1          4
  1665:          0          1          2          4          1
  1670:          3          1          3          2          3
  1675:          3          1          4          2          0
  1680:          3          2          1          1          1
  1685:          3          1          3          1          2
  1690:          2          1          2          2          1
  1695:          2          4          4          0          2
  1700:          2          0          3          0          1
  1705:          1          1          0          1          2
  1710:          1          0          1          0          0
  1715:          1          2          2          0          3
  1720:          1          3          4          1          3
  1725:          1          3          2          1          4
  1730:          1          2          1          1          0
  1735:          1          0          1          2          2
  1740:          2          1          0          3          2
  1745:          2          4          0          1          0
  1750:          0          1          2          1          1
  1755:          0          1          2          1          1
  1760:          1          2          1          1          2
  1765:          0          1          1          1          2
  1770:          2          4          0          0          0
  1775:          1          2          1          1          1
  1780:          1          0          1          0          2
  1785:          0          1          1          0          4
  1790:          1          1          3          0          1
  1795:          2          0          0          1          0
  1800:          2          0          1          1          1
  1805:          1          1          1          2          1
  1810:          1          1          1          0          1
  1815:          0          2          0          0          1
  1820:          0          1          0          2          0
  1825:          1          1          0          1          3
  1830:          0          0          0          0          0
  1835:          1          1          0          1          0
  1840:          0          1          1          2          2
  1845:          0          1          1          1          0
  1850:          0          0          1          0          2
  1855:          0          2          2          2          0
  1860:          2          1          0          0          2
  1865:          0          3          0          2          2
  1870:          1          3          2          2          2
  1875:          0          1          2          0          1
  1880:          0          1          2          1          2
  1885:          0          0          1          0          1
  1890:          1          1          2          1          0
  1895:          2          1          2          1          0
  1900:          1          1          1          3          1
  1905:          0          2          2          0          2
  1910:          2          1          0          0          0
  1915:          4          1          4          1          4
  1920:          4          2          1          2          0
  1925:          3          0          1          1          1
  1930:          3          3          1          3          2
  1935:          1          0          1          2          3
  1940:          1          4          1          1          1
  1945:          3          3          6          5          2
  1950:          1          4          2          3          4
  1955:          3          5          3          1          3
  1960:          1          0          1          2          2
  1965:          3          2          5          3          3
  1970:          4          7          4          3          3
  1975:          5          1          2          3          4
  1980:          4          1          2          6          2
  1985:          4          4          4          3          6
  1990:          3          1          5          5          7
  1995:          5          3          5          4          3
  2000:          3          2          4          6          5
  2005:          4          4          6          0          3
  2010:          4         10          4          2          4
  2015:          2          0          0          0          0
  2020:          0          0          0          0          0
  2025:          0          0          0          0          0
  2030:          0          0          0          0          0
  2035:          0          0          0          0          0
  2040:          0          0          0          0          0
  2045:          0          0          0
