ACQUISITION INFORMATION

Detector ID:  1
Detector description:
LAB4D1 Easy-MCA-2k SN 18162513
Sample description:

Real Time:  299.999993
Live Time:  298.379993
Acquisition start date:  06Nov2019
Acquisition start time:  10:23:30
Starting channel number:   0
Number of channels:   2048


CALIBRATION INFORMATION

ENERGY CALIBRATION
Units:
Energy Fit:  0.000000E+000  1.000000E+000  0.000000E+000
FWHM Fit:  1.000000E+000  0.000000E+000  0.000000E+000
Efficiency Terms:  0.000000  0.000000  0.000000  0.000000  0.000000
  0.000000  0.000000  0.000000  0.000000  0.000000


SPECTRUM
     0:          0          0          0          0          0
     5:          0          0          0          0        288
    10:       3550       3210        770         50         49
    15:         46         50         46         70         62
    20:         50         57         66         47         59
    25:         62         55         66         58         48
    30:         60         62         72         53         62
    35:         61         63         70         76         59
    40:         67         90         64         55         96
    45:         73         64         78         77         67
    50:         82         85         96         73         76
    55:         68         74         76        100         80
    60:         79         89         80         79         89
    65:         73         99         76         96        107
    70:         81        106         83        101         99
    75:         96        104        101         94        103
    80:        126        122        105        117        125
    85:        133        127        113        155        150
    90:        135        134        158        131        160
    95:        179        172        152        155        178
   100:        152        158        170        205        160
   105:        184        170        188        193        196
   110:        197        195        201        190        197
   115:        190        209        209        213        209
   120:        202        211        208        198        201
   125:        222        220        242        196        207
   130:        228        191        212        195        211
   135:        207        222        218        199        227
   140:        200        208        224        202        196
   145:        212        209        235        194        236
   150:        199        217        197        228        235
   155:        226        206        213        212        220
   160:        226        223        209        184        231
   165:        226        209        219        231        204
   170:        208        235        231        192        207
   175:        228        227        203        218        227
   180:        226        221        228        209        213
   185:        195        203        236        201        199
   190:        208        185        187        208        216
   195:        189        202        206        215        183
   200:        203        186        188        215        190
   205:        203        196        191        192        185
   210:        183        177        184        205        152
   215:        181        188        157        167        174
   220:        207        166        175        207        182
   225:        180        190        186        177        174
   230:        172        171        195        181        171
   235:        154        160        164        160        169
   240:        173        195        163        180        179
   245:        160        169        203        194        156
   250:        152        154        160        174        187
   255:        154        183        173        189        148
   260:        177        179        164        171        156
   265:        162        172        178        184        148
   270:        164        173        148        173        166
   275:        176        165        174        189        176
   280:        168        171        172        160        155
   285:        178        162        166        126        181
   290:        161        156        163        145        170
   295:        138        170        146        161        163
   300:        152        155        174        164        168
   305:        138        141        131        133        136
   310:        143        112        135        147        134
   315:        138        143        120        122        145
   320:        136        164        124        129        124
   325:        130        128        118        117        133
   330:        115        159        136        119        125
   335:        153        161        128        112        126
   340:        116        130        111        114        125
   345:        130        105        119        125        123
   350:        122        119        110        114        121
   355:         99        130         96         87        104
   360:        116        106        107        100         91
   365:        125        105        119         95        116
   370:         83         93        101         91        101
   375:        107        102         93        104         99
   380:         93         98         89        109         99
   385:        107         86         86         81         83
   390:         95         89        108        102         90
   395:         94         98         88         91         84
   400:         94         94         80         77         85
   405:         85         81         78         89         80
   410:         81        107         82         98         78
   415:         83         89         82         74         95
   420:         86         64         78         70         82
   425:         91         82         73         84         68
   430:         89         97         89         85         81
   435:         87         71         61         82         68
   440:         82         78         67         74         72
   445:         76         71         77         64         94
   450:         68         63         53         65         82
   455:         77         76         72         52         84
   460:         78         69         58         72         75
   465:         68         66         71         86         62
   470:         73         69         60         69         60
   475:         52         44         57         63         77
   480:         72         67         78         56         61
   485:         75         61         56         78         66
   490:         70         65         72         59         68
   495:         75         65         67         68         73
   500:         61         49         66         55         64
   505:         66         61         68         65         43
   510:         63         61         47         50         53
   515:         63         69         61         48         53
   520:         54         71         62         67         63
   525:         62         65         50         70         49
   530:         55         53         58         44         56
   535:         43         55         63         62         57
   540:         52         53         41         50         53
   545:         54         47         54         50         51
   550:         49         60         56         55         48
   555:         55         54         44         52         33
   560:         58         54         42         55         45
   565:         39         43         61         49         58
   570:         55         59         44         45         37
   575:         50         42         54         47         54
   580:         53         48         47         46         50
   585:         48         51         36         50         52
   590:         52         42         50         45         51
   595:         59         36         59         55         38
   600:         54         42         49         58         48
   605:         48         40         46         39         42
   610:         38         51         49         42         52
   615:         30         47         29         53         42
   620:         45         50         40         45         56
   625:         42         47         55         41         37
   630:         42         48         31         39         42
   635:         44         32         41         28         36
   640:         50         46         49         35         44
   645:         35         50         42         31         40
   650:         48         38         48         36         32
   655:         35         39         35         30         27
   660:         37         25         36         25         25
   665:         37         26         25         32         24
   670:         27         29         41         31         25
   675:         22         30         19         30         37
   680:         29         28         28         35         27
   685:         20         30         30         16         23
   690:         26         20         23         25         22
   695:         24         18         31         26         24
   700:         24         23         24         27         28
   705:         32         25         20         21         18
   710:         29         18         24         26         20
   715:         18         21         25         23         22
   720:         19         33         23         23         19
   725:         23         13         26         31         18
   730:         24         23         25         25         18
   735:         17         22         18         21         16
   740:         24         23         23         17         20
   745:         22         16         17         24         17
   750:         17         17         14         22         25
   755:         12         20         13         16         25
   760:         18         25         23         16         16
   765:         15         14         13         21         19
   770:         20         12         24         17         17
   775:         21         23         13         18         12
   780:         18         16         23         15         15
   785:         15         25         14         23         12
   790:         17         10         17         18         25
   795:         20         24         19         18         22
   800:         17         14         15         16         16
   805:         22         32         16         21         16
   810:         17         10         14         22         15
   815:         15         17         17         22         15
   820:         22         19         14         19         17
   825:         21         17         15         19         20
   830:         12         23         17         19         21
   835:         24         12         21         16         21
   840:         17         23         27         17         18
   845:         30         18         20         30         12
   850:         27         12         23         14         26
   855:         23         19         32         15         21
   860:         20         35         37         26         37
   865:         30         27         26         28         30
   870:         31         29         30         29         42
   875:         28         54         32         45         47
   880:         47         50         45         60         53
   885:         53         61         65         64         58
   890:         60         74         63         76         89
   895:         65         73         85         62         86
   900:        104         90         76        106         98
   905:        100         95        113        110         98
   910:        118        137        139        139        126
   915:        129        117        138        138        153
   920:        167        147        141        142        161
   925:        159        148        144        140        144
   930:        153        163        155        183        165
   935:        166        158        174        162        151
   940:        123        162        162        149        121
   945:        134        146        145        149        131
   950:        132        112        111        113        109
   955:        117         97        100         96        114
   960:         99         95         68         77         73
   965:         60         76         74         66         54
   970:         51         49         48         51         46
   975:         44         38         37         38         32
   980:         30         28         29         31         25
   985:         26         23         17         20         21
   990:         20         18         25         13         14
   995:          9         13         12         14         13
  1000:          6          6          8         10          6
  1005:          6          6          5          3          3
  1010:          6          6          4          5          4
  1015:          4          4          2          5          4
  1020:          2          5          4          5          6
  1025:          7          3          1          6          6
  1030:          4          6          2          5          2
  1035:          3          5          2          7          3
  1040:          4          1          1          3          7
  1045:          0          3          4          2          1
  1050:          3          4          3          2          6
  1055:          4          2          6          4          5
  1060:          3          6          5          5          2
  1065:          4          1          4          4          3
  1070:          6          1          2          4          1
  1075:          5          2          0          3         11
  1080:          4          3          2          1          5
  1085:          3          4          4          3          2
  1090:          5          4          3          2          2
  1095:          5          5          5          3          2
  1100:          1          4          3          2          2
  1105:          2          4          1          4          2
  1110:          4          2          5          8          1
  1115:          5          0          3          6          3
  1120:          3          2          6          3          5
  1125:          4          0          3          9          2
  1130:          2          2          0          1          5
  1135:          3          5          5          4          3
  1140:          3          5          4          6          1
  1145:          2          3          3          1          2
  1150:          3          5          2          6          2
  1155:          4          4          5          5          3
  1160:          5          3          3          2          1
  1165:          2          2          4          7          3
  1170:          3          1          5          2          2
  1175:          1          2          3          3          6
  1180:          3          3          5          5          1
  1185:          5          2          5          4          4
  1190:          4          4          1          1          0
  1195:          5          3          3          4          5
  1200:          3          4          2          2          9
  1205:          2          3          0          2          2
  1210:          1          3          3          3          4
  1215:          4          4          3          6          1
  1220:          8          3          3          6          1
  1225:          4          5          2          5          3
  1230:          5          4          5          5          2
  1235:          3          2          3          3          2
  1240:          5          3          3          7          2
  1245:          3          3          4          5          2
  1250:          4          2          1          4          6
  1255:          0          3          4          1          4
  1260:          6          1          3          5          7
  1265:          2          2          4          5          9
  1270:          1          3          5          1          2
  1275:          4          7          3          2          5
  1280:          3          4          4          1          3
  1285:          1          2          1          3          3
  1290:          4          5          1          4          3
  1295:          4          2          3          5          5
  1300:          4          1          5          1          4
  1305:          2          8          3          1          0
  1310:          3          1          1          4          0
  1315:          4          3          7          5          3
  1320:          0          5          3          4          1
  1325:          4          7          4          4          3
  1330:          3          5          3          5          4
  1335:          1          2          1          2          2
  1340:          3          1          5          2          5
  1345:          1          4          3          2          3
  1350:          5          1          4          2          4
  1355:          8          2          3          1          4
  1360:          2          3          1          5          0
  1365:          4          2          5          2          1
  1370:          3          3          2          3          2
  1375:          3          4          3          2          3
  1380:          3          5          1          0          1
  1385:          3          2          2          2          4
  1390:          3          6          2          7          0
  1395:          6          6          1          5          1
  1400:          2          2          4          2          2
  1405:          3          4          3          4          3
  1410:          2          0          1          3          1
  1415:          3          4          3          1          3
  1420:          0          1          3          1          3
  1425:          2          1          3          1          2
  1430:          2          1          2          2          1
  1435:          1          0          2          2          8
  1440:          2          3          2          0          5
  1445:          2          2          3          6          2
  1450:          1          2          1          4          6
  1455:          2          4          2          3          0
  1460:          6          3          1          1          2
  1465:          1          3          1          1          1
  1470:          3          2          2          3          4
  1475:          2          5          3          2          4
  1480:          1          2          2          3          3
  1485:          3          5          2          2          2
  1490:          4          3          1          4          4
  1495:          1          0          1          4          1
  1500:          4          5          0          7          3
  1505:          2          0          0          2          4
  1510:          0          1          1          6          2
  1515:          1          2          2          2          5
  1520:          4          5          0          3          1
  1525:          4          1          1          2          1
  1530:          1          5          5          2          0
  1535:          2          2          4          2          1
  1540:          2          3          2          3          3
  1545:          4          2          1          0          2
  1550:          2          3          1          3          2
  1555:          1          5          4          3          1
  1560:          2          3          6          3          1
  1565:          3          1          5          3          3
  1570:          2          2          3          3          4
  1575:          1          2          1          0          3
  1580:          1          2          5          1          4
  1585:          2          3          3          1          4
  1590:          0          0          2          5          3
  1595:          2          1          2          2          2
  1600:          3          2          3          1          3
  1605:          2          4          2          1          2
  1610:          0          2          1          0          1
  1615:          5          2          6          1          2
  1620:          2          3          2          5          1
  1625:          1          4          2          4          2
  1630:          1          4          2          0          0
  1635:          2          1          2          2          0
  1640:          1          4          5          1          1
  1645:          0          2          4          0          0
  1650:          6          1          6          1          1
  1655:          0          2          1          1          0
  1660:          3          1          5          0          1
  1665:          2          1          2          3          3
  1670:          1          1          4          5          3
  1675:          0          0          0          0          1
  1680:          2          1          2          1          5
  1685:          2          2          0          2          0
  1690:          1          0          2          3          1
  1695:          1          3          1          3          2
  1700:          1          3          0          1          0
  1705:          1          3          2          1          0
  1710:          3          0          3          1          2
  1715:          2          0          1          2          0
  1720:          2          2          2          2          0
  1725:          1          3          2          0          1
  1730:          0          1          2          1          0
  1735:          2          1          4          3          3
  1740:          2          1          1          1          2
  1745:          0          2          0          0          2
  1750:          1          2          1          2          0
  1755:          1          2          2          0          2
  1760:          0          1          1          2          1
  1765:          1          2          1          1          1
  1770:          1          2          1          3          0
  1775:          1          1          2          0          0
  1780:          2          1          3          1          0
  1785:          3          1          1          3          0
  1790:          2          1          1          0          4
  1795:          0          2          1          1          0
  1800:          5          0          2          1          3
  1805:          2          1          0          1          0
  1810:          2          4          1          1          1
  1815:          0          0          0          4          1
  1820:          1          0          1          0          0
  1825:          2          0          0          3          2
  1830:          0          0          1          0          0
  1835:          3          1          0          1          2
  1840:          0          1          0          0          0
  1845:          3          0          2          1          0
  1850:          0          1          0          4          0
  1855:          1          1          2          2          2
  1860:          1          1          2          0          0
  1865:          0          0          0          2          0
  1870:          1          1          1          2          2
  1875:          1          1          1          2          0
  1880:          0          3          2          1          0
  1885:          1          4          0          1          1
  1890:          0          0          1          0          3
  1895:          2          0          2          3          0
  1900:          1          1          2          0          4
  1905:          0          1          1          0          3
  1910:          0          0          3          2          1
  1915:          1          5          2          1          1
  1920:          2          1          2          2          3
  1925:          1          1          0          1          0
  1930:          2          3          2          2          0
  1935:          3          2          3          0          0
  1940:          3          1          4          1          1
  1945:          1          1          3          4          1
  1950:          1          2          1          5          4
  1955:          3          1          2          1          6
  1960:          2          2          3          4          3
  1965:          6          2          1          3          4
  1970:          0          1          5          1          5
  1975:          3          3          5          6          4
  1980:          2          3          5          1          3
  1985:          1          3          5          3          6
  1990:          5          2         11          5          3
  1995:          5          3          3          5          5
  2000:          3          6          5          5          5
  2005:          6          7          6          3          3
  2010:          5          3          6          4          5
  2015:          3          0          0          0          0
  2020:          0          0          0          0          0
  2025:          0          0          0          0          0
  2030:          0          0          0          0          0
  2035:          0          0          0          0          0
  2040:          0          0          0          0          0
  2045:          0          0          0
