       0
       0
       0
       0
       0
       0
       0
       0
       0
     276
    3633
    3090
     738
      63
      40
      46
      54
      49
      45
      48
      36
      45
      38
      50
      59
      43
      61
      45
      46
      53
      50
      60
      61
      73
      53
      51
      66
      49
      80
      58
      74
      74
      65
      67
      60
      60
      54
      72
      65
      59
      68
      63
      70
      62
      85
      64
      66
      76
      74
      69
      70
      74
      76
      78
      75
     107
      71
      72
      73
      82
      84
      88
      84
      81
     106
      76
      88
      90
     107
      96
     105
     113
      97
     114
     108
     115
     117
     106
     118
     116
     135
     112
     115
     139
     153
     149
     171
     137
     136
     144
     150
     131
     135
     130
     142
     143
     160
     162
     146
     142
     182
     166
     176
     168
     183
     156
     183
     170
     158
     171
     167
     189
     176
     178
     149
     190
     192
     168
     182
     180
     179
     187
     150
     188
     201
     186
     173
     173
     190
     180
     187
     187
     184
     177
     221
     220
     191
     176
     177
     204
     179
     162
     209
     186
     175
     205
     178
     197
     189
     189
     166
     204
     180
     190
     182
     187
     180
     180
     188
     196
     192
     176
     210
     175
     176
     181
     189
     193
     184
     182
     187
     166
     199
     178
     177
     178
     169
     183
     177
     173
     170
     199
     180
     176
     164
     172
     191
     190
     171
     166
     182
     192
     176
     167
     159
     177
     176
     158
     164
     160
     159
     178
     153
     177
     167
     168
     150
     177
     173
     158
     155
     146
     180
     139
     145
     152
     160
     163
     169
     126
     142
     152
     127
     178
     148
     163
     173
     148
     151
     153
     146
     145
     153
     161
     134
     156
     156
     184
     145
     145
     132
     136
     135
     147
     135
     127
     127
     143
     146
     141
     168
     140
     153
     143
     160
     153
     136
     160
     131
     151
     148
     139
     131
     144
     158
     136
     140
     131
     163
     154
     136
     127
     117
     165
     157
     177
     142
     152
     151
     145
     157
     144
     150
     161
     156
     137
     115
     133
     145
     114
     132
     119
     120
     120
     147
     128
     133
     140
     124
     135
     104
     116
     133
     101
     121
     129
     112
     108
     114
     134
     112
     118
     123
     124
     132
     105
     117
     118
     105
     104
     120
     119
      94
     105
     108
     122
     115
     130
     114
     108
     110
     113
     124
     111
     121
     102
     113
     109
     111
      96
      95
     102
      90
     102
      82
      91
     102
     103
     102
      83
     111
      95
      80
     100
      87
      88
     100
      90
      93
     107
      95
      72
      73
      80
      83
      85
      68
      86
      75
     108
      83
      88
      92
      92
      93
      93
      72
      85
      73
      69
      70
      63
      83
      93
      76
      77
      87
      74
      88
      80
      73
      77
      62
      67
      62
      77
      71
      69
      70
      80
      75
      81
      48
      65
      66
      68
      85
      62
      79
      82
      65
      84
      77
      81
      74
      69
      69
      64
      83
      61
      73
      59
      67
      79
      66
      67
      62
      74
      57
      65
      77
      71
      71
      58
      78
      61
      84
      62
      60
      64
      61
      75
      58
      68
      52
      72
      58
      72
      66
      59
      60
      71
      62
      66
      62
      75
      54
      70
      51
      62
      60
      62
      53
      61
      53
      67
      61
      64
      61
      53
      63
      68
      56
      63
      54
      58
      47
      67
      53
      48
      67
      43
      51
      52
      66
      60
      40
      54
      58
      61
      68
      54
      60
      58
      69
      63
      55
      55
      63
      58
      59
      47
      49
      46
      52
      48
      41
      59
      54
      61
      52
      55
      50
      45
      56
      46
      51
      61
      54
      48
      45
      36
      52
      59
      46
      47
      45
      51
      38
      51
      55
      39
      59
      51
      54
      48
      48
      46
      43
      46
      43
      57
      45
      45
      41
      46
      40
      45
      45
      54
      52
      46
      49
      46
      43
      48
      43
      46
      41
      48
      39
      35
      49
      42
      50
      48
      53
      50
      41
      41
      43
      49
      42
      50
      49
      37
      35
      45
      45
      43
      46
      51
      39
      38
      46
      43
      42
      46
      49
      41
      48
      35
      45
      52
      52
      45
      48
      38
      34
      42
      29
      48
      40
      46
      38
      38
      28
      30
      36
      26
      43
      47
      46
      28
      39
      32
      34
      47
      54
      44
      30
      34
      41
      30
      38
      44
      37
      45
      40
      39
      31
      36
      32
      30
      37
      48
      32
      26
      36
      27
      31
      29
      30
      34
      32
      31
      32
      33
      28
      47
      38
      38
      25
      24
      28
      40
      35
      34
      35
      32
      30
      29
      29
      28
      27
      26
      29
      24
      28
      30
      31
      25
      25
      32
      22
      14
      33
      31
      40
      27
      25
      24
      27
      24
      28
      19
      28
      24
      24
      26
      23
      37
      27
      26
      29
      34
      15
      33
      22
      35
      22
      17
      19
      23
      33
      24
      32
      28
      19
      17
      21
      24
      17
      21
      16
      21
      19
      26
      29
      16
      29
      20
      21
      18
      26
      33
      14
      31
      20
      13
      19
      21
      24
      25
      24
      22
      20
      19
      15
      16
      14
      24
      25
      28
      30
      20
      20
      16
      22
      26
      14
      23
      22
      28
      26
      15
      19
      14
      25
      17
      15
      26
      20
      16
      18
      21
      14
      16
      21
      22
      17
      13
      23
      21
      19
      11
      22
      13
      15
      21
      14
      26
      19
      15
      18
      31
      10
      13
      22
      29
      18
      14
      27
      30
      16
      21
      17
      24
      20
      18
      22
      17
      18
      23
      22
      17
      18
      23
      21
      18
      17
      19
      18
      18
       9
      16
      21
      19
      26
      19
      14
      17
      28
      19
      19
      18
      21
      18
      22
      31
      25
      23
      24
      18
      24
      20
      20
      20
      15
      20
      21
      19
      29
      26
      26
      30
      33
      24
      31
      15
      22
      18
      36
      17
      35
      30
      28
      21
      31
      29
      35
      32
      33
      35
      38
      36
      29
      31
      43
      35
      30
      48
      38
      47
      40
      54
      47
      48
      50
      47
      57
      57
      61
      48
      70
      72
      72
      79
      83
      65
      70
      80
      89
      88
      79
     121
      92
      87
      89
     115
      83
     120
     102
     120
     109
     129
     102
     137
     129
     125
     133
     121
     148
     101
     127
     136
     133
     145
     129
     127
     141
     136
     137
     143
     129
     139
     135
     116
     148
     112
     123
     137
     139
     124
     117
     135
     141
     123
     100
     110
     112
      96
      95
     114
     100
     103
      97
      91
      83
      79
      84
      75
      67
      80
      67
      77
      61
      64
      53
      61
      54
      42
      42
      38
      40
      34
      45
      34
      41
      36
      24
      23
      32
      32
      21
      13
      26
      24
      25
      15
      18
      20
      15
      10
       7
      20
      13
      12
      14
      10
       6
      16
      12
      11
      12
      13
       3
       6
       4
      10
       7
       2
       6
       8
       7
       6
       1
       3
       3
       4
       6
       6
       6
       4
       5
       5
       2
       3
       3
       5
       4
       5
       5
       2
       4
       6
       5
       7
       5
       5
       4
       6
       4
       3
       5
       3
       2
       4
       9
       0
       1
       5
       2
       2
       4
       4
       6
       5
       4
      10
       4
       3
       2
       4
       4
       4
       2
       9
       6
       1
       3
       2
       5
       5
       6
       5
       1
       2
       3
       1
       6
       2
       4
       3
       5
       2
       4
       3
       3
       5
       6
       3
       6
       1
       4
       5
       4
       3
       4
       2
       1
       3
       1
       5
       3
       7
       5
       1
       3
       5
       7
       4
       3
       1
       2
       2
       1
       3
       4
       4
       3
       3
       3
       3
       5
       5
       6
       4
       5
       2
       5
       4
       3
       2
       5
       3
       4
       5
       5
       6
       4
       4
       3
       5
       3
       4
       2
       3
       1
       3
       7
       2
       6
       4
       3
       5
       5
       8
       5
       5
       2
       3
       2
       0
       1
       4
       6
       4
       2
       7
       1
       1
       1
       4
       6
       3
       7
       1
       5
       3
       4
       1
       2
       5
       2
       3
       4
       5
       4
       0
       2
       4
       2
       2
       6
       2
       3
       2
       3
       6
       3
       3
       2
       2
       3
       2
       4
       7
       3
       3
       5
       2
       3
       2
       5
       0
       2
       4
       5
       2
       4
       3
       3
       5
       4
       2
       3
       5
       5
       1
       2
       2
       3
       5
       2
       6
       4
       8
       4
       4
       2
       5
       7
       5
       3
       5
       2
       2
       3
       7
       1
       1
       3
       8
       3
       6
       1
       3
       4
       3
       2
       6
       8
       5
       4
       7
       2
       2
       4
       5
       1
       1
       2
       4
       6
       6
       4
       9
       4
       3
       4
       3
       5
       4
       2
       2
       1
       3
       1
       3
       5
       5
       5
       4
       3
       3
       1
       3
       4
       4
       2
       2
       3
       3
       2
       5
       3
       4
       6
       3
       7
       1
       4
       0
       1
       3
       2
       3
       1
       5
       4
       4
       4
       1
       3
       4
       2
       4
       2
       2
       4
       5
       2
       1
       3
       2
       5
       3
       1
       3
       3
       3
       4
       4
       5
       2
       1
       3
       4
       0
       3
       3
       1
       2
       1
       4
       2
       2
       1
       2
       1
       4
       7
       2
       5
       2
       0
       2
       7
       1
       4
       2
       2
       3
       6
       2
       2
       2
       1
       6
       2
       2
       4
       2
       0
       1
       3
       6
       3
       1
       4
       4
       2
       3
       3
       3
       3
       2
       5
       2
       6
       2
       1
       2
       3
       3
       3
       4
       3
       0
       1
       2
       2
       2
       1
       4
       3
       3
       1
       3
       1
       2
       2
       1
       0
       2
       1
       4
       2
       0
       2
       1
       5
       1
       2
       2
       3
       2
       0
       1
       1
       4
       1
       0
       2
       1
       1
       4
       2
       4
       4
       0
       2
       2
       3
       0
       2
       2
       3
       1
       1
       1
       0
       4
       2
       4
       1
       4
       1
       3
       6
       2
       1
       3
       3
       3
       2
       4
       0
       2
       2
       0
       1
       3
       2
       2
       1
       0
       4
       1
       5
       3
       0
       3
       4
       2
       7
       3
       1
       4
       3
       2
       3
       2
       2
       1
       1
       1
       2
       1
       1
       3
       4
       2
       0
       4
       0
       2
       3
       3
       0
       3
       5
       4
       2
       2
       4
       1
       1
       2
       2
       3
       4
       1
       2
       2
       3
       2
       2
       2
       2
       1
       1
       4
       2
       2
       4
       2
       0
       1
       6
       2
       2
       1
       2
       6
       4
       2
       4
       6
       3
       4
       3
       2
       2
       3
       0
       1
       4
       1
       5
       4
       1
       2
       0
       1
       5
       2
       4
       5
       1
       3
       4
       0
       1
       3
       2
       3
       3
       2
       3
       2
       2
       1
       2
       6
       5
       2
       1
       4
       1
       4
       1
       1
       3
       1
       2
       3
       1
       0
       2
       2
       1
       1
       5
       3
       0
       4
       1
       2
       2
       4
       1
       2
       2
       5
       2
       0
       1
       3
       0
       2
       2
       1
       1
       0
       1
       2
       2
       1
       2
       2
       1
       2
       1
       3
       0
       0
       2
       2
       1
       3
       1
       2
       0
       2
       1
       1
       2
       1
       3
       2
       1
       2
       1
       3
       1
       1
       4
       2
       3
       4
       0
       2
       1
       4
       1
       2
       4
       0
       4
       1
       3
       3
       4
       1
       3
       0
       2
       5
       0
       0
       3
       2
       0
       0
       1
       1
       1
       1
       1
       2
       1
       0
       2
       2
       1
       0
       0
       1
       1
       2
       2
       0
       4
       1
       1
       0
       3
       2
       0
       0
       1
       2
       1
       4
       0
       1
       0
       4
       0
       2
       3
       2
       1
       3
       1
       0
       2
       2
       0
       1
       1
       1
       1
       0
       1
       1
       1
       0
       2
       0
       2
       0
       1
       0
       2
       1
       4
       2
       0
       1
       1
       0
       2
       1
       2
       0
       4
       1
       1
       3
       1
       3
       2
       0
       1
       2
       2
       0
       0
       1
       0
       0
       0
       3
       1
       2
       2
       2
       0
       1
       3
       0
       0
       2
       2
       0
       2
       0
       0
       1
       0
       1
       1
       2
       2
       1
       0
       0
       0
       0
       0
       1
       2
       0
       0
       4
       1
       0
       1
       2
       1
       0
       0
       2
       2
       2
       2
       1
       0
       2
       0
       1
       1
       1
       1
       1
       1
       0
       2
       3
       0
       0
       0
       3
       2
       1
       0
       1
       0
       0
       0
       2
       0
       0
       0
       0
       1
       0
       2
       2
       1
       2
       2
       2
       1
       1
       2
       3
       1
       0
       1
       0
       0
       2
       0
       1
       0
       1
       0
       3
       2
       2
       0
       0
       1
       0
       0
       2
       0
       0
       1
       0
       1
       1
       0
       1
       1
       1
       3
       2
       1
       1
       0
       0
       1
       1
       4
       0
       5
       3
       1
       2
       2
       1
       0
       2
       3
       1
       1
       3
       1
       3
       2
       1
       3
       4
       0
       0
       1
       3
       1
       2
       1
       2
       2
       5
       0
       0
       2
       2
       3
       2
       2
       0
       3
       4
       1
       1
       5
       2
       3
       4
       3
       7
       3
       2
       2
       0
       3
       3
       6
       2
       5
       3
       1
       7
       2
       4
       1
       7
       4
       8
       8
       6
       5
       4
       3
       4
       3
       5
       3
       2
       2
       3
       5
       3
       5
       2
       4
       3
       2
       1
       2
       4
       5
       5
       1
       5
       7
       3
       5
       5
       6
       2
       6
       4
       5
       2
       4
       1
       6
       2
       5
       4
       0
       0
       0
       0
       0
       0
       0
       0
       0
       0
       0
       0
       0
       0
       0
       0
       0
       0
       0
       0
       0
       0
       0
       0
       0
       0
       0
       0
       0
       0
       0
       0
