ACQUISITION INFORMATION

Detector ID:  1
Detector description:
LAB4D1 Easy-MCA-2k SN 18162513
Sample description:

Real Time:  299.999993
Live Time:  298.599993
Acquisition start date:  06Nov2019
Acquisition start time:  10:44:35
Starting channel number:   0
Number of channels:   2048


CALIBRATION INFORMATION

ENERGY CALIBRATION
Units:
Energy Fit:  0.000000E+000  1.000000E+000  0.000000E+000
FWHM Fit:  1.000000E+000  0.000000E+000  0.000000E+000
Efficiency Terms:  0.000000  0.000000  0.000000  0.000000  0.000000
  0.000000  0.000000  0.000000  0.000000  0.000000


SPECTRUM
     0:          0          0          0          0          0
     5:          0          0          0          0        237
    10:       3139       2887        669         41         38
    15:         45         55         46         34         38
    20:         35         44         43         39         40
    25:         46         42         47         51         58
    30:         54         50         54         44         46
    35:         65         36         46         42         52
    40:         64         64         51         54         57
    45:         67         70         72         68         52
    50:         72         62         60         67         64
    55:         67         68         69         71         63
    60:         61         77         69         72         65
    65:         81         62         86         85         71
    70:         81         78         70         72         91
    75:         69         98         88         95         97
    80:        104         98        110        105        111
    85:        122         97        124        126        108
    90:        124        149        122        140        178
    95:        150        152        146        126        151
   100:        150        147        170        144        173
   105:        171        173        174        152        177
   110:        160        170        170        189        171
   115:        168        172        194        193        181
   120:        201        195        188        214        183
   125:        195        222        193        201        200
   130:        192        196        208        210        219
   135:        193        188        207        202        204
   140:        200        188        193        210        200
   145:        218        225        207        211        197
   150:        221        176        193        206        215
   155:        202        179        230        200        209
   160:        198        198        182        197        206
   165:        210        198        186        230        201
   170:        196        192        171        195        207
   175:        199        186        187        194        196
   180:        191        191        219        183        202
   185:        177        195        181        182        190
   190:        185        172        177        209        207
   195:        186        159        169        184        185
   200:        178        141        167        194        177
   205:        173        159        171        169        169
   210:        182        161        183        169        166
   215:        176        187        166        174        149
   220:        196        152        178        163        157
   225:        142        173        140        160        139
   230:        164        158        172        147        132
   235:        130        134        153        134        144
   240:        164        148        138        155        141
   245:        157        142        155        160        138
   250:        147        150        138        145        132
   255:        156        144        141        143        143
   260:        160        144        131        154        121
   265:        154        151        140        137        125
   270:        135        115        159        130        148
   275:        140        140        132        129        139
   280:        137        138        130        116        143
   285:        130        133        129        120        128
   290:         99        136        120        136        109
   295:        120         98        129        106        125
   300:        111         97        112        111        113
   305:        111        109        114        107        111
   310:        108        115         90        113         86
   315:        105        102        124        109        112
   320:         97         93         92         84        117
   325:        103        107         92        105         84
   330:         96         91         99        100         86
   335:         99         98        101        102        106
   340:         88         98         92         76         94
   345:        104        103         94         90         94
   350:         92         65         90         92         87
   355:         85         79         88         99         98
   360:         78         88         74         74         78
   365:         71         75         63         76         85
   370:         84         77         61         67         68
   375:         71         76         65         68         60
   380:         67         72         64         61         69
   385:         77         61         59         65         77
   390:         64         77         64         56         54
   395:         70         56         69         74         66
   400:         54         78         64         64         71
   405:         79         67         66         76         62
   410:         62         67         42         58         65
   415:         53         54         62         60         45
   420:         60         58         70         69         57
   425:         59         56         54         60         57
   430:         59         58         68         52         50
   435:         43         56         46         38         56
   440:         51         66         61         55         45
   445:         58         51         52         63         57
   450:         43         51         53         61         54
   455:         48         58         60         47         57
   460:         51         52         52         64         50
   465:         46         32         48         50         51
   470:         54         44         40         48         40
   475:         46         43         58         42         50
   480:         55         44         43         48         56
   485:         42         42         54         47         46
   490:         40         47         50         52         55
   495:         49         60         36         57         43
   500:         37         35         47         58         56
   505:         37         60         44         47         43
   510:         43         38         52         54         50
   515:         46         44         51         41         46
   520:         48         31         36         32         44
   525:         46         36         50         32         33
   530:         37         42         41         40         36
   535:         36         40         41         34         37
   540:         38         31         38         37         30
   545:         45         42         40         28         43
   550:         43         29         28         33         28
   555:         38         36         36         23         29
   560:         41         29         27         30         32
   565:         35         39         37         35         28
   570:         34         41         33         40         30
   575:         40         31         30         26         40
   580:         37         37         35         31         33
   585:         34         29         30         34         31
   590:         46         18         34         36         38
   595:         30         36         33         23         36
   600:         36         29         33         40         50
   605:         31         34         21         24         31
   610:         29         35         28         38         30
   615:         27         30         38         34         20
   620:         42         37         33         36         28
   625:         31         20         27         28         33
   630:         23         30         39         18         42
   635:         34         39         34         32         40
   640:         32         23         29         26         30
   645:         23         32         21         20         24
   650:         24         25         25         23         25
   655:         34         32         24         12         23
   660:         21         21         27         23         23
   665:         22         30         29         25         25
   670:         26         16         24         31         23
   675:         37         20         27         21         28
   680:         31         21         18         19         18
   685:         20         14         22         23         15
   690:         18         29         33         28         21
   695:         21         26         26         19         22
   700:         21         21         17         17         16
   705:         20         18         23         20         22
   710:         18         20         20         27         20
   715:         28         15         21         16         24
   720:         16         16         17         18         20
   725:         29         21         18         26         25
   730:          5         17         15         17         22
   735:         19         18         16         14         15
   740:         19         20         17         25         20
   745:         20         20         16         18         15
   750:         20         21         20         17         15
   755:         16         19         15         16         22
   760:         22         27         24         21         19
   765:         17         16         25         17         17
   770:         27         20          9         14         17
   775:         24         14         16         12         14
   780:         14         14         12         16         20
   785:         27         14         23         25         21
   790:         17         14         18         18         17
   795:         21         14         27         15         22
   800:         20         12         19         28         19
   805:         28         14         30         15         20
   810:         21         14          9         17         15
   815:         26         17         15         14         27
   820:         17         18         16         10         19
   825:         15         17         17         22         26
   830:         17         23         17         23         23
   835:         22         11         16         18         27
   840:         26         23         21         17         15
   845:         11         14         17         23         23
   850:         17         17         14         13         23
   855:         26         19         19         18         17
   860:         20         27         15         16         20
   865:         15         18         21         26         25
   870:         27         22         26         23         25
   875:         16         38         31         27         26
   880:         20         30         24         27         35
   885:         32         33         39         31         33
   890:         39         43         31         36         45
   895:         43         41         43         43         34
   900:         32         47         41         38         48
   905:         50         47         38         49         56
   910:         50         62         51         59         51
   915:         47         62         56         52         77
   920:         66         66         69         75         69
   925:         47         58         71         58         58
   930:         61         47         62         65         66
   935:         73         51         59         47         61
   940:         53         44         52         52         49
   945:         50         70         49         61         48
   950:         45         52         49         37         40
   955:         50         44         29         46         35
   960:         39         23         44         28         31
   965:         27         28         31         30         25
   970:         20         15         23         20         17
   975:         22         15         19         23         13
   980:         15         14         11         19         13
   985:         15         17         11         10         10
   990:          6          5          6          9          8
   995:          8          5         10         10          9
  1000:          5          5          3          6          3
  1005:          7          3         10          8          5
  1010:          6          4          6          2          6
  1015:          2          5          2          4          8
  1020:          3          1          2          6          3
  1025:          1          7          5         10          4
  1030:          7          1          2          2          4
  1035:          5          3          6          5          4
  1040:          5          3          3          0          5
  1045:          3          3          8          4          6
  1050:          9          1          6          3          6
  1055:          4          2          5          4          4
  1060:          0          2          3          4          2
  1065:          3          6          5          1          2
  1070:          4          3          3          1          4
  1075:          2          2          4          4          4
  1080:          2          7          4          4          5
  1085:          4          6          3          5          7
  1090:          6          2          1          7          2
  1095:          2          1          4          4          1
  1100:          6          6          2          5          2
  1105:          0          3          4          2          0
  1110:          5          3          4          2          3
  1115:          2          2          4          1          5
  1120:          2          1          4          5          6
  1125:          2          4          5          6          3
  1130:          1          1          5          6          6
  1135:          2          1          5          0          1
  1140:          1          3          5          8          3
  1145:          5          3          1          4          2
  1150:          4          3          2          7          5
  1155:          3          6          3          2          1
  1160:          2          4          2          3          1
  1165:          4          3          0          5          7
  1170:          5          6          1          5          4
  1175:          7          2          4          1          3
  1180:          2          1          2          9          0
  1185:          5          5          3          4          4
  1190:          2          3          5          2          3
  1195:          2          2          5          3          4
  1200:          0          3          5          0          2
  1205:          2          8          6          2          5
  1210:          3          6          7          4          5
  1215:          3          1          5          3          2
  1220:          2          3          5          3          3
  1225:          1          1          3          1          1
  1230:          4          6          2          4          4
  1235:          1          4          2          1          2
  1240:          3          7          6          6          4
  1245:          5          1          1          4          4
  1250:          2          6          5          2          2
  1255:          2          3          6          5          5
  1260:          3          7          4          6          5
  1265:          1          3          3          0          6
  1270:          4          3          8          5          3
  1275:          2          5          3          5          2
  1280:          3          6          4          2          1
  1285:          3          3          5          3          2
  1290:          4          0          3          1          4
  1295:          6          3          1          5          2
  1300:          4          1          1          2          1
  1305:          3          8          4          2          6
  1310:          4          1          3          4          4
  1315:          5          3          4          4          8
  1320:          2          2          2          3          1
  1325:          5          3          3          7          3
  1330:          1          4          4          2          7
  1335:          4          2          3          5          0
  1340:          3          4          6          2          1
  1345:          4          1          2          7          4
  1350:          2          3          3          1          3
  1355:          3          3          4          6          4
  1360:          1          5          0          1          6
  1365:          4          3          2          5          6
  1370:          3          5          3          0          2
  1375:          5          2          5          3          4
  1380:          2          4          1          1          1
  1385:          2          4          6          3          3
  1390:          1          4          1          3          1
  1395:          3          3          2          2          3
  1400:          4          1          0          1          4
  1405:          4          3          4          0          3
  1410:          1          1          1          3          6
  1415:          3          3          3          0          2
  1420:          4          5          2          2          2
  1425:          2          1          4          5          5
  1430:          2          3          4          3          6
  1435:          2          2          2          3          3
  1440:          1          4          3          3          2
  1445:          6          2          1          5          4
  1450:          2          2          4          0          4
  1455:          2          1          2          1          3
  1460:          2          1          1          1          0
  1465:          1          1          2          2          4
  1470:          0          0          1          2          1
  1475:          3          6          3          2          5
  1480:          3          1          0          3          3
  1485:          4          2          1          1          2
  1490:          2          2          3          3          4
  1495:          4          5          0          4          2
  1500:          1          1          2          2          3
  1505:          1          1          0          0          5
  1510:          1          2          3          2          2
  1515:          1          4          0          1          0
  1520:          1          0          2          5          2
  1525:          2          1          3          3          1
  1530:          2          1          2          5          3
  1535:          2          2          2          2          2
  1540:          2          2          2          2          1
  1545:          3          7          2          5          5
  1550:          2          1          0          3          1
  1555:          2          5          1          2          2
  1560:          3          1          2          6          2
  1565:          3          1          2          1          3
  1570:          2          1          2          2          2
  1575:          0          1          5          3          0
  1580:          1          1          4          3          2
  1585:          4          5          1          3          2
  1590:          3          1          1          2          1
  1595:          2          3          1          1          3
  1600:          4          1          1          3          5
  1605:          3          3          1          2          1
  1610:          2          0          1          2          3
  1615:          2          3          4          1          3
  1620:          1          2          3          4          5
  1625:          1          0          6          1          1
  1630:          3          2          1          3          2
  1635:          0          3          1          3          3
  1640:          4          2          3          2          6
  1645:          2          3          2          3          0
  1650:          2          1          2          3          2
  1655:          3          2          1          1          3
  1660:          1          1          1          1          3
  1665:          2          1          2          2          1
  1670:          1          1          1          1          2
  1675:          1          1          2          0          1
  1680:          0          2          0          3          4
  1685:          1          3          1          1          2
  1690:          5          1          0          0          0
  1695:          2          1          0          2          2
  1700:          2          2          2          0          3
  1705:          1          3          1          0          0
  1710:          3          1          2          1          3
  1715:          2          3          1          4          1
  1720:          2          2          2          3          5
  1725:          2          1          2          3          3
  1730:          1          2          0          0          0
  1735:          2          2          1          1          1
  1740:          2          4          1          1          1
  1745:          2          2          1          1          4
  1750:          1          1          0          1          0
  1755:          2          1          1          1          2
  1760:          2          5          2          1          2
  1765:          4          1          1          2          0
  1770:          2          1          1          2          0
  1775:          1          0          0          1          2
  1780:          3          2          1          3          0
  1785:          1          0          0          1          1
  1790:          1          1          0          2          0
  1795:          2          2          1          2          1
  1800:          1          2          2          1          1
  1805:          0          1          1          2          0
  1810:          1          2          2          1          2
  1815:          1          1          1          0          0
  1820:          0          0          0          0          0
  1825:          0          1          2          1          0
  1830:          1          0          2          1          1
  1835:          2          2          1          2          1
  1840:          1          0          4          1          0
  1845:          1          0          2          1          1
  1850:          0          0          1          0          0
  1855:          2          1          2          1          0
  1860:          2          1          0          1          1
  1865:          2          0          1          0          1
  1870:          0          2          1          1          1
  1875:          0          2          1          3          1
  1880:          1          1          1          0          0
  1885:          4          0          0          1          3
  1890:          1          1          2          0          0
  1895:          3          3          2          1          2
  1900:          2          4          1          1          1
  1905:          2          0          0          1          1
  1910:          0          1          0          0          1
  1915:          0          3          0          2          0
  1920:          0          0          1          2          1
  1925:          4          2          2          2          1
  1930:          4          2          1          4          3
  1935:          4          0          0          3          0
  1940:          2          0          4          4          3
  1945:          2          2          4          3          1
  1950:          0          1          2          1          5
  1955:          5          0          3          1          3
  1960:          3          2          2          3          3
  1965:          1          3          3          2          2
  1970:          3          5          5          3          2
  1975:          1          6          4          3          8
  1980:          2          3          4          5          6
  1985:          1          2          7          4          4
  1990:          3          1          5          3          4
  1995:          3          2          2          5          1
  2000:          4          3          6          2          6
  2005:          4          3          6          4          4
  2010:          2          5          7          5          2
  2015:          6          0          0          0          0
  2020:          0          0          0          0          0
  2025:          0          0          0          0          0
  2030:          0          0          0          0          0
  2035:          0          0          0          0          0
  2040:          0          0          0          0          0
  2045:          0          0          0
