ACQUISITION INFORMATION

Detector ID:  1
Detector description:
LAB4D1 Easy-MCA-2k SN 18162513
Sample description:

Real Time:  299.999993
Live Time:  298.339993
Acquisition start date:  06Nov2019
Acquisition start time:  10:31:43
Starting channel number:   0
Number of channels:   2048


CALIBRATION INFORMATION

ENERGY CALIBRATION
Units:
Energy Fit:  0.000000E+000  1.000000E+000  0.000000E+000
FWHM Fit:  1.000000E+000  0.000000E+000  0.000000E+000
Efficiency Terms:  0.000000  0.000000  0.000000  0.000000  0.000000
  0.000000  0.000000  0.000000  0.000000  0.000000


SPECTRUM
     0:          0          0          0          0          0
     5:          0          0          0          0        284
    10:       3507       3203        742         47         40
    15:         55         36         41         46         47
    20:         54         41         63         63         50
    25:         52         48         65         61         51
    30:         66         63         50         55         78
    35:         46         71         63         81         76
    40:         56         81         73         63         70
    45:         68         62         64         72         78
    50:         75         64         83         76         75
    55:         76         89         73         70         73
    60:         76         67         95         69         73
    65:         88         77         74         93         91
    70:         83         90         76         98         96
    75:        116         99        107         98        118
    80:         97        107        113        104        131
    85:        111        126        134        127        147
    90:        140        136        146        127        136
    95:        157        162        144        149        160
   100:        149        154        152        171        166
   105:        167        183        187        171        197
   110:        181        194        178        180        189
   115:        218        190        193        226        208
   120:        217        214        230        208        215
   125:        197        248        217        215        201
   130:        220        196        206        207        187
   135:        232        220        219        206        210
   140:        216        215        227        244        221
   145:        231        204        202        224        220
   150:        237        212        211        213        204
   155:        217        208        239        208        218
   160:        204        210        239        233        265
   165:        207        191        223        212        204
   170:        240        239        188        185        212
   175:        216        193        236        223        206
   180:        248        195        221        198        185
   185:        222        213        200        189        211
   190:        186        194        196        202        226
   195:        198        197        204        203        210
   200:        166        194        177        186        196
   205:        182        218        220        201        184
   210:        198        212        205        183        200
   215:        162        192        184        193        169
   220:        187        205        165        150        191
   225:        175        209        160        181        165
   230:        174        167        162        179        173
   235:        159        173        165        161        156
   240:        171        151        161        175        133
   245:        153        128        165        169        158
   250:        152        153        171        163        156
   255:        149        163        168        155        176
   260:        190        168        142        153        166
   265:        174        149        146        159        147
   270:        157        164        140        154        153
   275:        141        151        142        145        172
   280:        172        150        137        151        140
   285:        167        166        144        159        179
   290:        162        161        151        155        126
   295:        159        146        133        158        138
   300:        135        162        146        130        152
   305:        140        132        133        138        124
   310:        145        119        129        125        129
   315:        133        123        125        125        128
   320:        124        122        125        130        137
   325:        116        118        121        106        117
   330:        112        106        129        108        136
   335:        113        126        126        105        117
   340:        112        105        112        105        103
   345:        103        104        120        111         94
   350:         99        102        102         99        118
   355:        111        101         91        117         98
   360:         88         97        119        104        106
   365:         96        111         83         97         97
   370:         99         73         92         96         88
   375:        107         89         82         88         74
   380:         91         96         71        107         88
   385:         91         66         77         62         82
   390:         90         79         78         80         70
   395:         80         73         77         93         84
   400:         61         74         76         76         88
   405:         79         85         79         79         66
   410:         73         77         89         74         69
   415:         78         70         81         80         77
   420:         88         75         70         95         81
   425:         84         79         89         85         76
   430:         81         66         70         65         60
   435:         42         48         71         90         63
   440:         61         74         59         77         74
   445:         62         61         68         69         52
   450:         67         44         54         59         63
   455:         66         60         79         65         73
   460:         43         71         65         52         70
   465:         52         65         57         59         69
   470:         76         67         57         50         66
   475:         61         70         66         63         59
   480:         57         47         59         59         54
   485:         58         62         57         56         56
   490:         83         50         60         57         63
   495:         45         46         56         51         63
   500:         58         61         54         73         50
   505:         54         55         54         67         50
   510:         53         60         57         55         51
   515:         57         34         56         64         47
   520:         49         52         48         53         45
   525:         51         68         60         56         48
   530:         52         49         62         50         53
   535:         40         48         38         49         51
   540:         39         46         50         42         47
   545:         44         42         53         47         44
   550:         43         49         52         57         56
   555:         51         45         53         46         53
   560:         51         47         48         43         44
   565:         55         42         53         49         46
   570:         48         36         52         49         45
   575:         42         53         52         44         38
   580:         45         41         44         54         48
   585:         52         47         51         56         52
   590:         47         42         38         58         47
   595:         49         33         46         48         55
   600:         39         47         42         48         46
   605:         41         45         35         58         36
   610:         36         38         48         33         45
   615:         38         42         38         35         39
   620:         46         30         22         43         45
   625:         44         44         33         31         34
   630:         41         41         29         37         44
   635:         35         39         47         39         33
   640:         38         36         38         29         41
   645:         34         41         39         33         35
   650:         37         35         32         30         27
   655:         30         35         39         35         26
   660:         32         46         26         27         25
   665:         29         35         23         46         27
   670:         32         30         40         20         31
   675:         34         25         30         28         22
   680:         30         19         33         22         31
   685:         36         24         35         31         26
   690:         25         15         25         27         23
   695:         29         34         22         17         17
   700:         30         31         30         36         21
   705:         21         18         18         20         21
   710:         27         41         20         19         29
   715:         19         15         28         20         23
   720:         20         25         22         21         16
   725:         18         24         27         24         27
   730:         25         21         22         32         25
   735:         31         22         25         24         25
   740:         12         29         31         20         12
   745:         17         21         26         20         19
   750:         22         20         13         16         22
   755:         16         19         20         19         23
   760:         28         24         21         18         18
   765:         12         30         21         20         21
   770:         17         19         21         22         16
   775:         10         23         22         22         23
   780:         25         17         12         24         17
   785:         20         20         18         22         17
   790:         17         18         19         14         18
   795:         23         18         18         18         15
   800:         14         12         22         22         10
   805:         20         17         15         18         15
   810:         20         18         13         19         18
   815:         22         16         33         18         21
   820:         21         13         17         17         12
   825:         22         12         21         22         20
   830:         16         22         29          8         22
   835:         19         22         26         24         14
   840:         24         23         14         24         21
   845:         18         26         20         29         24
   850:         20         24         17         24         23
   855:         20         16         14         23         23
   860:         31         20         28         27         32
   865:         34         32         36         28         42
   870:         29         31         35         40         30
   875:         26         28         43         39         42
   880:         34         36         37         42         42
   885:         46         44         46         44         36
   890:         58         60         55         51         57
   895:         78         62         69         57         69
   900:         72         87         54         84         88
   905:         93         77         90         75        103
   910:        103         95         94        105        112
   915:        107        108        108        114        103
   920:        126        110        125        126        124
   925:        101        119        139        118        123
   930:        118        133        105        114        116
   935:        116        111        113        127        102
   940:        117        116        120        100        100
   945:         90        109        104         85        100
   950:        100         87         83         77         74
   955:         80         80         70         77         69
   960:         67         44         61         65         56
   965:         60         38         62         49         35
   970:         40         44         34         32         27
   975:         43         21         39         25         25
   980:         26         29         19         25         18
   985:         20         16         13         15         16
   990:         14         14         11         13         14
   995:         16         12         11         12          5
  1000:         10          5          9          4          5
  1005:         10          4          7          5          6
  1010:          6          6          5          4          2
  1015:          2          3          5          3          7
  1020:          6          2          8          5          2
  1025:          5          2          7          4          5
  1030:          5          6          8          6          5
  1035:          3          5          4          4          7
  1040:          1          2          2          8          1
  1045:          4          7          9          2          7
  1050:          7          5          4          6          7
  1055:          4          6          6          3          3
  1060:          2          6          3          5          5
  1065:          3          3          1          8          4
  1070:          6          4          4          5          3
  1075:          1          4          2          4          8
  1080:          8          3          4          0          4
  1085:          7          3          9          1          8
  1090:          1          2          4          5          3
  1095:          4          2          3          5          2
  1100:          4          4          5          5          3
  1105:          6          1          1          6          3
  1110:          2          3          4          2          4
  1115:          3          4          2          2          3
  1120:          8          2          4          3          6
  1125:          1          2          6          1          2
  1130:          4          3          6          3          3
  1135:          3          5          5          6          0
  1140:          4          1          1          2          4
  1145:          3          1          4          2          5
  1150:          3          3          3          4          4
  1155:          4          2          1          0          4
  1160:          4          6          1          8          3
  1165:          3          3          1          4          4
  1170:          6          3          2          5          4
  1175:          3          3          2          3          2
  1180:          1          1          1          3          3
  1185:          0          2          3          1          1
  1190:          5          6          2          2          4
  1195:          6          1          8          3          1
  1200:          5          2          4          5          3
  1205:          1          4          1          4          4
  1210:          3          3          2          3          2
  1215:          3          2          4          2          5
  1220:          4          4          7          1          4
  1225:          2          2          5          1          5
  1230:          7          1          3          3          3
  1235:          4          3          3          9          2
  1240:          3          3          6          5          2
  1245:          1          2          6          6          6
  1250:          5          5          2          5          3
  1255:          4          3          7          3          3
  1260:          3          3          6          8          2
  1265:          2          2          2          1          1
  1270:          5          1          6          4          0
  1275:          4          4          2          5          8
  1280:          1          3          4          1          3
  1285:          1          3          2          2          3
  1290:          5          2          3          0          1
  1295:          4          2          3          2          6
  1300:          1          1          2          0          3
  1305:          4          2          2          5          2
  1310:          4          7          9          4          4
  1315:          2          1          1          1          5
  1320:          4          6          6          5          4
  1325:          2          3          4          5          6
  1330:          2          2          0          0          3
  1335:          5          2          3          1          4
  1340:          2          3          5          1          3
  1345:          0          0          5          1          3
  1350:          6          2          3          2          6
  1355:          1          5          2          1          1
  1360:          5          6          4          2          4
  1365:          3          6          5          3          4
  1370:          0          4          1          2          2
  1375:          5          5          1          2          2
  1380:          0          1          1          4          3
  1385:          2          1          2          4          4
  1390:          5          3          2          2          4
  1395:          5          4          1          1          4
  1400:          4          2          2          1          2
  1405:          1          3          2          2          0
  1410:          4          2          1          4          1
  1415:          3          3          4          2          1
  1420:          3          4          0          3          6
  1425:          1          1          3          3          3
  1430:          0          2          2          2          1
  1435:          5          1          4          0          1
  1440:          1          6          6          0          1
  1445:          1          1          4          0          5
  1450:          3          6          6          2          7
  1455:          3          3          2          4          3
  1460:          0          2          1          0          2
  1465:          3          1          1          2          0
  1470:          3          0          1          2          1
  1475:          1          4          3          2          3
  1480:          3          1          1          2          3
  1485:          3          2          2          2          3
  1490:          0          3          1          5          7
  1495:          3          4          3          3          4
  1500:          2          3          2          2          1
  1505:          2          0          3          3          3
  1510:          2          2          3          1          4
  1515:          4          0          0          6          2
  1520:          5          4          2          2          5
  1525:          3          4          3          5          3
  1530:          4          3          4          4          2
  1535:          0          2          2          4          0
  1540:          1          2          3          0          5
  1545:          1          4          3          2          1
  1550:          4          2          4          4          3
  1555:          4          2          0          3          1
  1560:          2          2          2          2          2
  1565:          3          7          3          2          2
  1570:          2          2          1          0          0
  1575:          2          3          0          5          2
  1580:          1          4          5          3          1
  1585:          5          2          1          4          4
  1590:          2          6          4          0          1
  1595:          0          1          3          1          2
  1600:          4          4          4          2          1
  1605:          3          3          3          0          2
  1610:          0          2          2          3          0
  1615:          2          2          2          1          1
  1620:          2          3          1          4          1
  1625:          1          1          2          2          0
  1630:          1          1          2          5          2
  1635:          3          2          3          0          4
  1640:          2          0          2          1          3
  1645:          1          4          1          2          3
  1650:          2          1          0          1          1
  1655:          3          2          3          3          4
  1660:          2          1          1          3          3
  1665:          0          2          3          3          2
  1670:          1          1          2          2          1
  1675:          0          3          1          2          0
  1680:          1          3          2          2          4
  1685:          1          0          1          1          1
  1690:          2          3          3          3          1
  1695:          0          1          0          1          1
  1700:          1          1          1          1          2
  1705:          3          0          2          2          3
  1710:          5          1          0          4          1
  1715:          0          1          1          1          1
  1720:          0          1          2          2          0
  1725:          1          1          2          1          1
  1730:          1          2          2          2          0
  1735:          1          1          2          0          2
  1740:          0          0          0          0          0
  1745:          3          1          1          2          0
  1750:          2          0          2          0          1
  1755:          0          1          1          0          0
  1760:          3          2          4          2          3
  1765:          1          0          0          1          0
  1770:          0          0          1          1          3
  1775:          1          0          2          2          0
  1780:          1          2          1          2          2
  1785:          1          1          1          0          3
  1790:          2          0          1          2          1
  1795:          3          0          0          1          0
  1800:          1          2          2          0          1
  1805:          0          0          0          1          2
  1810:          0          1          1          1          0
  1815:          1          0          0          0          0
  1820:          1          1          0          1          1
  1825:          1          0          1          2          1
  1830:          0          2          0          2          0
  1835:          0          0          0          3          0
  1840:          3          0          1          1          1
  1845:          0          0          1          0          2
  1850:          4          0          0          0          3
  1855:          1          0          0          0          0
  1860:          1          0          0          0          0
  1865:          1          5          0          1          2
  1870:          2          1          2          0          3
  1875:          0          1          2          1          0
  1880:          2          1          1          0          1
  1885:          1          1          3          0          1
  1890:          0          1          3          1          3
  1895:          3          0          2          2          1
  1900:          0          0          0          1          0
  1905:          2          1          2          1          2
  1910:          0          0          5          0          1
  1915:          0          1          4          0          0
  1920:          4          1          2          2          1
  1925:          1          1          2          0          0
  1930:          1          5          1          0          0
  1935:          2          3          5          2          2
  1940:          0          1          2          2          2
  1945:          5          3          2          5          1
  1950:          0          1          1          0          1
  1955:          4          5          4          1          4
  1960:          4          3          3          1          3
  1965:          5          2          3          2          3
  1970:          4          1          7          1          1
  1975:          6          4          4          2          3
  1980:          3          1          2          5          6
  1985:          2          2          3          3          7
  1990:          6          2          3          3          5
  1995:          3          1          7          4          9
  2000:          4          2          5          3          3
  2005:          5          3          3          4          3
  2010:          3          2          2          2          8
  2015:          3          0          0          0          0
  2020:          0          0          0          0          0
  2025:          0          0          0          0          0
  2030:          0          0          0          0          0
  2035:          0          0          0          0          0
  2040:          0          0          0          0          0
  2045:          0          0          0
