       0
       0
       0
       0
       0
       0
       0
       0
       0
     284
    3507
    3203
     742
      47
      40
      55
      36
      41
      46
      47
      54
      41
      63
      63
      50
      52
      48
      65
      61
      51
      66
      63
      50
      55
      78
      46
      71
      63
      81
      76
      56
      81
      73
      63
      70
      68
      62
      64
      72
      78
      75
      64
      83
      76
      75
      76
      89
      73
      70
      73
      76
      67
      95
      69
      73
      88
      77
      74
      93
      91
      83
      90
      76
      98
      96
     116
      99
     107
      98
     118
      97
     107
     113
     104
     131
     111
     126
     134
     127
     147
     140
     136
     146
     127
     136
     157
     162
     144
     149
     160
     149
     154
     152
     171
     166
     167
     183
     187
     171
     197
     181
     194
     178
     180
     189
     218
     190
     193
     226
     208
     217
     214
     230
     208
     215
     197
     248
     217
     215
     201
     220
     196
     206
     207
     187
     232
     220
     219
     206
     210
     216
     215
     227
     244
     221
     231
     204
     202
     224
     220
     237
     212
     211
     213
     204
     217
     208
     239
     208
     218
     204
     210
     239
     233
     265
     207
     191
     223
     212
     204
     240
     239
     188
     185
     212
     216
     193
     236
     223
     206
     248
     195
     221
     198
     185
     222
     213
     200
     189
     211
     186
     194
     196
     202
     226
     198
     197
     204
     203
     210
     166
     194
     177
     186
     196
     182
     218
     220
     201
     184
     198
     212
     205
     183
     200
     162
     192
     184
     193
     169
     187
     205
     165
     150
     191
     175
     209
     160
     181
     165
     174
     167
     162
     179
     173
     159
     173
     165
     161
     156
     171
     151
     161
     175
     133
     153
     128
     165
     169
     158
     152
     153
     171
     163
     156
     149
     163
     168
     155
     176
     190
     168
     142
     153
     166
     174
     149
     146
     159
     147
     157
     164
     140
     154
     153
     141
     151
     142
     145
     172
     172
     150
     137
     151
     140
     167
     166
     144
     159
     179
     162
     161
     151
     155
     126
     159
     146
     133
     158
     138
     135
     162
     146
     130
     152
     140
     132
     133
     138
     124
     145
     119
     129
     125
     129
     133
     123
     125
     125
     128
     124
     122
     125
     130
     137
     116
     118
     121
     106
     117
     112
     106
     129
     108
     136
     113
     126
     126
     105
     117
     112
     105
     112
     105
     103
     103
     104
     120
     111
      94
      99
     102
     102
      99
     118
     111
     101
      91
     117
      98
      88
      97
     119
     104
     106
      96
     111
      83
      97
      97
      99
      73
      92
      96
      88
     107
      89
      82
      88
      74
      91
      96
      71
     107
      88
      91
      66
      77
      62
      82
      90
      79
      78
      80
      70
      80
      73
      77
      93
      84
      61
      74
      76
      76
      88
      79
      85
      79
      79
      66
      73
      77
      89
      74
      69
      78
      70
      81
      80
      77
      88
      75
      70
      95
      81
      84
      79
      89
      85
      76
      81
      66
      70
      65
      60
      42
      48
      71
      90
      63
      61
      74
      59
      77
      74
      62
      61
      68
      69
      52
      67
      44
      54
      59
      63
      66
      60
      79
      65
      73
      43
      71
      65
      52
      70
      52
      65
      57
      59
      69
      76
      67
      57
      50
      66
      61
      70
      66
      63
      59
      57
      47
      59
      59
      54
      58
      62
      57
      56
      56
      83
      50
      60
      57
      63
      45
      46
      56
      51
      63
      58
      61
      54
      73
      50
      54
      55
      54
      67
      50
      53
      60
      57
      55
      51
      57
      34
      56
      64
      47
      49
      52
      48
      53
      45
      51
      68
      60
      56
      48
      52
      49
      62
      50
      53
      40
      48
      38
      49
      51
      39
      46
      50
      42
      47
      44
      42
      53
      47
      44
      43
      49
      52
      57
      56
      51
      45
      53
      46
      53
      51
      47
      48
      43
      44
      55
      42
      53
      49
      46
      48
      36
      52
      49
      45
      42
      53
      52
      44
      38
      45
      41
      44
      54
      48
      52
      47
      51
      56
      52
      47
      42
      38
      58
      47
      49
      33
      46
      48
      55
      39
      47
      42
      48
      46
      41
      45
      35
      58
      36
      36
      38
      48
      33
      45
      38
      42
      38
      35
      39
      46
      30
      22
      43
      45
      44
      44
      33
      31
      34
      41
      41
      29
      37
      44
      35
      39
      47
      39
      33
      38
      36
      38
      29
      41
      34
      41
      39
      33
      35
      37
      35
      32
      30
      27
      30
      35
      39
      35
      26
      32
      46
      26
      27
      25
      29
      35
      23
      46
      27
      32
      30
      40
      20
      31
      34
      25
      30
      28
      22
      30
      19
      33
      22
      31
      36
      24
      35
      31
      26
      25
      15
      25
      27
      23
      29
      34
      22
      17
      17
      30
      31
      30
      36
      21
      21
      18
      18
      20
      21
      27
      41
      20
      19
      29
      19
      15
      28
      20
      23
      20
      25
      22
      21
      16
      18
      24
      27
      24
      27
      25
      21
      22
      32
      25
      31
      22
      25
      24
      25
      12
      29
      31
      20
      12
      17
      21
      26
      20
      19
      22
      20
      13
      16
      22
      16
      19
      20
      19
      23
      28
      24
      21
      18
      18
      12
      30
      21
      20
      21
      17
      19
      21
      22
      16
      10
      23
      22
      22
      23
      25
      17
      12
      24
      17
      20
      20
      18
      22
      17
      17
      18
      19
      14
      18
      23
      18
      18
      18
      15
      14
      12
      22
      22
      10
      20
      17
      15
      18
      15
      20
      18
      13
      19
      18
      22
      16
      33
      18
      21
      21
      13
      17
      17
      12
      22
      12
      21
      22
      20
      16
      22
      29
       8
      22
      19
      22
      26
      24
      14
      24
      23
      14
      24
      21
      18
      26
      20
      29
      24
      20
      24
      17
      24
      23
      20
      16
      14
      23
      23
      31
      20
      28
      27
      32
      34
      32
      36
      28
      42
      29
      31
      35
      40
      30
      26
      28
      43
      39
      42
      34
      36
      37
      42
      42
      46
      44
      46
      44
      36
      58
      60
      55
      51
      57
      78
      62
      69
      57
      69
      72
      87
      54
      84
      88
      93
      77
      90
      75
     103
     103
      95
      94
     105
     112
     107
     108
     108
     114
     103
     126
     110
     125
     126
     124
     101
     119
     139
     118
     123
     118
     133
     105
     114
     116
     116
     111
     113
     127
     102
     117
     116
     120
     100
     100
      90
     109
     104
      85
     100
     100
      87
      83
      77
      74
      80
      80
      70
      77
      69
      67
      44
      61
      65
      56
      60
      38
      62
      49
      35
      40
      44
      34
      32
      27
      43
      21
      39
      25
      25
      26
      29
      19
      25
      18
      20
      16
      13
      15
      16
      14
      14
      11
      13
      14
      16
      12
      11
      12
       5
      10
       5
       9
       4
       5
      10
       4
       7
       5
       6
       6
       6
       5
       4
       2
       2
       3
       5
       3
       7
       6
       2
       8
       5
       2
       5
       2
       7
       4
       5
       5
       6
       8
       6
       5
       3
       5
       4
       4
       7
       1
       2
       2
       8
       1
       4
       7
       9
       2
       7
       7
       5
       4
       6
       7
       4
       6
       6
       3
       3
       2
       6
       3
       5
       5
       3
       3
       1
       8
       4
       6
       4
       4
       5
       3
       1
       4
       2
       4
       8
       8
       3
       4
       0
       4
       7
       3
       9
       1
       8
       1
       2
       4
       5
       3
       4
       2
       3
       5
       2
       4
       4
       5
       5
       3
       6
       1
       1
       6
       3
       2
       3
       4
       2
       4
       3
       4
       2
       2
       3
       8
       2
       4
       3
       6
       1
       2
       6
       1
       2
       4
       3
       6
       3
       3
       3
       5
       5
       6
       0
       4
       1
       1
       2
       4
       3
       1
       4
       2
       5
       3
       3
       3
       4
       4
       4
       2
       1
       0
       4
       4
       6
       1
       8
       3
       3
       3
       1
       4
       4
       6
       3
       2
       5
       4
       3
       3
       2
       3
       2
       1
       1
       1
       3
       3
       0
       2
       3
       1
       1
       5
       6
       2
       2
       4
       6
       1
       8
       3
       1
       5
       2
       4
       5
       3
       1
       4
       1
       4
       4
       3
       3
       2
       3
       2
       3
       2
       4
       2
       5
       4
       4
       7
       1
       4
       2
       2
       5
       1
       5
       7
       1
       3
       3
       3
       4
       3
       3
       9
       2
       3
       3
       6
       5
       2
       1
       2
       6
       6
       6
       5
       5
       2
       5
       3
       4
       3
       7
       3
       3
       3
       3
       6
       8
       2
       2
       2
       2
       1
       1
       5
       1
       6
       4
       0
       4
       4
       2
       5
       8
       1
       3
       4
       1
       3
       1
       3
       2
       2
       3
       5
       2
       3
       0
       1
       4
       2
       3
       2
       6
       1
       1
       2
       0
       3
       4
       2
       2
       5
       2
       4
       7
       9
       4
       4
       2
       1
       1
       1
       5
       4
       6
       6
       5
       4
       2
       3
       4
       5
       6
       2
       2
       0
       0
       3
       5
       2
       3
       1
       4
       2
       3
       5
       1
       3
       0
       0
       5
       1
       3
       6
       2
       3
       2
       6
       1
       5
       2
       1
       1
       5
       6
       4
       2
       4
       3
       6
       5
       3
       4
       0
       4
       1
       2
       2
       5
       5
       1
       2
       2
       0
       1
       1
       4
       3
       2
       1
       2
       4
       4
       5
       3
       2
       2
       4
       5
       4
       1
       1
       4
       4
       2
       2
       1
       2
       1
       3
       2
       2
       0
       4
       2
       1
       4
       1
       3
       3
       4
       2
       1
       3
       4
       0
       3
       6
       1
       1
       3
       3
       3
       0
       2
       2
       2
       1
       5
       1
       4
       0
       1
       1
       6
       6
       0
       1
       1
       1
       4
       0
       5
       3
       6
       6
       2
       7
       3
       3
       2
       4
       3
       0
       2
       1
       0
       2
       3
       1
       1
       2
       0
       3
       0
       1
       2
       1
       1
       4
       3
       2
       3
       3
       1
       1
       2
       3
       3
       2
       2
       2
       3
       0
       3
       1
       5
       7
       3
       4
       3
       3
       4
       2
       3
       2
       2
       1
       2
       0
       3
       3
       3
       2
       2
       3
       1
       4
       4
       0
       0
       6
       2
       5
       4
       2
       2
       5
       3
       4
       3
       5
       3
       4
       3
       4
       4
       2
       0
       2
       2
       4
       0
       1
       2
       3
       0
       5
       1
       4
       3
       2
       1
       4
       2
       4
       4
       3
       4
       2
       0
       3
       1
       2
       2
       2
       2
       2
       3
       7
       3
       2
       2
       2
       2
       1
       0
       0
       2
       3
       0
       5
       2
       1
       4
       5
       3
       1
       5
       2
       1
       4
       4
       2
       6
       4
       0
       1
       0
       1
       3
       1
       2
       4
       4
       4
       2
       1
       3
       3
       3
       0
       2
       0
       2
       2
       3
       0
       2
       2
       2
       1
       1
       2
       3
       1
       4
       1
       1
       1
       2
       2
       0
       1
       1
       2
       5
       2
       3
       2
       3
       0
       4
       2
       0
       2
       1
       3
       1
       4
       1
       2
       3
       2
       1
       0
       1
       1
       3
       2
       3
       3
       4
       2
       1
       1
       3
       3
       0
       2
       3
       3
       2
       1
       1
       2
       2
       1
       0
       3
       1
       2
       0
       1
       3
       2
       2
       4
       1
       0
       1
       1
       1
       2
       3
       3
       3
       1
       0
       1
       0
       1
       1
       1
       1
       1
       1
       2
       3
       0
       2
       2
       3
       5
       1
       0
       4
       1
       0
       1
       1
       1
       1
       0
       1
       2
       2
       0
       1
       1
       2
       1
       1
       1
       2
       2
       2
       0
       1
       1
       2
       0
       2
       0
       0
       0
       0
       0
       3
       1
       1
       2
       0
       2
       0
       2
       0
       1
       0
       1
       1
       0
       0
       3
       2
       4
       2
       3
       1
       0
       0
       1
       0
       0
       0
       1
       1
       3
       1
       0
       2
       2
       0
       1
       2
       1
       2
       2
       1
       1
       1
       0
       3
       2
       0
       1
       2
       1
       3
       0
       0
       1
       0
       1
       2
       2
       0
       1
       0
       0
       0
       1
       2
       0
       1
       1
       1
       0
       1
       0
       0
       0
       0
       1
       1
       0
       1
       1
       1
       0
       1
       2
       1
       0
       2
       0
       2
       0
       0
       0
       0
       3
       0
       3
       0
       1
       1
       1
       0
       0
       1
       0
       2
       4
       0
       0
       0
       3
       1
       0
       0
       0
       0
       1
       0
       0
       0
       0
       1
       5
       0
       1
       2
       2
       1
       2
       0
       3
       0
       1
       2
       1
       0
       2
       1
       1
       0
       1
       1
       1
       3
       0
       1
       0
       1
       3
       1
       3
       3
       0
       2
       2
       1
       0
       0
       0
       1
       0
       2
       1
       2
       1
       2
       0
       0
       5
       0
       1
       0
       1
       4
       0
       0
       4
       1
       2
       2
       1
       1
       1
       2
       0
       0
       1
       5
       1
       0
       0
       2
       3
       5
       2
       2
       0
       1
       2
       2
       2
       5
       3
       2
       5
       1
       0
       1
       1
       0
       1
       4
       5
       4
       1
       4
       4
       3
       3
       1
       3
       5
       2
       3
       2
       3
       4
       1
       7
       1
       1
       6
       4
       4
       2
       3
       3
       1
       2
       5
       6
       2
       2
       3
       3
       7
       6
       2
       3
       3
       5
       3
       1
       7
       4
       9
       4
       2
       5
       3
       3
       5
       3
       3
       4
       3
       3
       2
       2
       2
       8
       3
       0
       0
       0
       0
       0
       0
       0
       0
       0
       0
       0
       0
       0
       0
       0
       0
       0
       0
       0
       0
       0
       0
       0
       0
       0
       0
       0
       0
       0
       0
       0
       0
