       0
       0
       1
       0
       0
       0
       0
       0
       0
     245
    3243
    3044
     761
      49
      43
      51
      45
      46
      39
      47
      38
      45
      41
      35
      58
      64
      45
      60
      54
      52
      52
      60
      45
      47
      67
      53
      64
      60
      54
      68
      57
      61
      52
      57
      61
      61
      63
      66
      59
      55
      67
      71
      63
      61
      70
      59
      73
      61
      65
      70
      59
      72
      80
      53
      75
      73
      72
      86
      86
      72
      79
     103
      84
      79
      79
     100
      76
      96
      90
     105
      93
      97
     121
     118
     114
     109
     114
     105
     124
     138
     107
     119
     110
     139
     130
     157
     153
     132
     128
     161
     137
     147
     145
     143
     171
     143
     145
     155
     150
     192
     151
     156
     154
     131
     151
     171
     156
     179
     163
     154
     187
     184
     178
     165
     181
     157
     174
     177
     190
     154
     176
     171
     154
     186
     164
     160
     153
     189
     172
     177
     168
     202
     165
     149
     176
     203
     186
     161
     167
     171
     176
     183
     214
     170
     190
     186
     170
     181
     177
     205
     158
     145
     177
     167
     167
     166
     212
     190
     170
     203
     165
     186
     163
     182
     183
     195
     178
     172
     183
     180
     152
     183
     195
     157
     192
     181
     171
     172
     185
     157
     171
     183
     160
     155
     176
     161
     156
     176
     149
     168
     182
     173
     168
     162
     185
     170
     172
     143
     143
     163
     163
     124
     163
     148
     161
     159
     139
     171
     147
     152
     154
     162
     160
     146
     134
     148
     147
     153
     122
     156
     167
     148
     147
     148
     155
     154
     148
     155
     141
     144
     139
     150
     145
     157
     156
     143
     138
     153
     170
     158
     157
     146
     148
     127
     160
     148
     166
     168
     160
     143
     149
     152
     148
     164
     149
     150
     149
     126
     136
     134
     113
     143
     144
     162
     163
     160
     155
     138
     138
     141
     144
     153
     144
     131
     138
     148
     117
     133
     135
     134
     149
     140
     138
     129
     134
     131
     130
     120
     125
     139
     140
     123
     139
     127
     139
     126
     156
     112
     133
     127
     125
     128
     118
     123
     116
     130
     114
     110
     122
     119
     121
     119
     124
     117
     115
     102
     117
     105
      98
     113
     114
     106
     102
     110
     131
     100
     106
      93
     106
     104
     126
     109
     107
     114
     123
     100
      92
      81
      90
      97
     101
      90
     110
      97
     107
     101
     104
      86
     103
      93
      97
      79
      69
      81
      86
      92
      92
      96
      98
      89
      94
      85
      77
      86
      88
      84
      82
      77
      76
      76
      91
      84
      85
      83
      74
      74
      76
      84
      84
      92
      65
      87
      70
      74
      77
      72
      87
      61
      83
      69
      78
      86
      51
      59
      75
      71
      82
      72
      74
      65
      79
      75
      61
      72
      79
      68
      60
      86
      63
      78
      83
      61
      76
      63
      64
      60
      58
      51
      85
      67
      67
      63
      69
      76
      66
      69
      68
      86
     101
      52
      52
      59
      60
      57
      60
      58
      39
      75
      60
      51
      53
      56
      58
      70
      70
      52
      55
      51
      71
      48
      57
      53
      67
      58
      40
      47
      53
      66
      60
      58
      55
      50
      56
      50
      66
      53
      61
      68
      74
      61
      51
      56
      50
      68
      59
      52
      55
      55
      67
      61
      43
      72
      56
      57
      43
      47
      62
      40
      49
      51
      59
      60
      49
      50
      56
      52
      60
      58
      47
      42
      43
      52
      56
      41
      53
      36
      54
      63
      48
      48
      59
      39
      50
      56
      60
      39
      56
      39
      39
      35
      38
      40
      34
      48
      40
      41
      58
      39
      41
      47
      40
      49
      47
      47
      39
      36
      33
      41
      37
      42
      44
      39
      45
      35
      35
      43
      48
      46
      35
      54
      42
      32
      39
      39
      46
      47
      46
      48
      43
      45
      42
      33
      38
      42
      44
      50
      53
      39
      37
      40
      37
      46
      32
      41
      59
      46
      45
      35
      25
      40
      41
      48
      48
      32
      39
      39
      30
      27
      42
      38
      34
      30
      40
      25
      40
      38
      32
      53
      37
      47
      39
      52
      50
      53
      37
      34
      30
      47
      34
      36
      33
      28
      42
      46
      45
      26
      32
      41
      42
      43
      27
      35
      29
      37
      28
      48
      38
      36
      49
      34
      32
      43
      40
      38
      23
      28
      35
      28
      29
      39
      33
      38
      30
      27
      26
      26
      37
      31
      25
      30
      31
      42
      27
      25
      33
      33
      26
      31
      39
      38
      29
      27
      28
      26
      29
      28
      27
      23
      23
      24
      27
      27
      21
      26
      26
      29
      34
      42
      22
      14
      31
      26
      21
      29
      21
      17
      19
      26
      29
      27
      20
      25
      19
      18
      25
      24
      24
      23
      24
      23
      23
      17
      21
      28
      17
      24
      20
      30
      23
      16
      22
      25
      21
      23
      21
      22
      17
      19
      20
      30
      24
      21
      21
      20
      17
      14
      13
      25
      12
      36
      27
      23
      20
      33
      28
      17
      26
      26
      27
      17
      23
      19
      19
      14
      22
      24
      24
      17
      18
      20
      21
      24
      14
      25
      19
      24
      22
      13
      27
      21
      14
      24
      25
      22
      17
      14
      13
      24
      26
      22
      23
      28
      15
      12
      21
      23
      13
      14
      12
      18
      18
      19
      14
      18
      14
      19
      18
      16
      15
      13
      24
      16
      15
      12
      17
      25
      26
      18
      22
      17
      24
      17
      17
      19
      27
      13
      22
      17
      18
      20
      23
      23
      15
      24
      16
      18
      25
      22
      26
      20
      18
      17
      21
      21
      30
      21
      24
      18
      21
      29
      18
      25
      19
      21
      26
      26
      10
      13
      20
      16
      26
      17
      22
      17
      22
      23
      25
      26
      22
      21
      17
      25
      16
      15
      17
      32
      26
      36
      35
      30
      38
      30
      31
      36
      33
      26
      34
      31
      43
      29
      44
      48
      36
      39
      39
      40
      43
      42
      41
      42
      51
      44
      43
      48
      55
      65
      60
      62
      58
      65
      68
      68
      75
      77
      79
      74
      75
     101
      90
      95
      99
     105
      70
      90
      97
      98
      80
     111
     113
     104
     106
     105
     124
     103
     114
     116
     102
     119
     129
     114
     118
     116
     115
     115
     106
     109
     105
     113
     115
     110
     108
     123
     112
     101
     122
     101
      90
     113
      97
     103
      92
      87
     105
      88
      80
      77
      91
      79
      73
      65
      80
      64
      70
      60
      57
      63
      57
      41
      48
      70
      45
      46
      31
      46
      42
      38
      31
      38
      34
      33
      23
      27
      20
      20
      19
      27
      14
       8
      21
      14
      14
       9
      11
       7
       9
       6
       5
       8
       9
      11
       7
       8
       8
       6
       5
       8
       5
      10
       8
       3
       5
       1
       7
       5
       7
       3
       3
       5
       8
       2
       4
       5
       6
       3
       3
       5
       8
       3
       3
       3
       4
       2
       3
       6
       1
       4
       1
       7
       7
       5
       7
       5
       4
       4
       2
       5
       4
       7
       3
       5
       6
       3
       3
       2
       2
       5
       7
       4
       6
       3
       3
       2
       4
       7
       5
       2
       2
       3
       5
       4
       2
       2
       1
       0
       3
       6
       5
       8
       1
       4
       5
       3
       3
       6
       4
       5
       2
       4
       1
       5
       3
       4
       7
       7
       4
       4
       5
       4
       6
       5
       3
       3
       7
       1
       3
       2
       5
       6
       2
       6
       1
       1
       8
       3
       4
       3
       2
       0
       4
       0
       2
       5
       2
       5
       5
       3
       4
       4
       5
       2
       8
       3
       1
       1
       4
       3
       4
       2
       3
       1
       2
       3
       5
       4
       4
       3
       3
       3
       3
       3
       0
       3
       4
       2
       4
       5
       5
       2
       4
       4
       4
       7
       1
       3
       4
       0
       0
       6
       4
       4
       4
       6
       3
       2
       2
       3
       4
       3
       4
       2
       3
       2
       3
       1
       5
       2
       5
       3
       5
       3
       5
       5
       5
       1
       4
       3
       1
       5
       2
       1
       5
       0
       3
       2
       2
       3
       6
       2
       0
       6
       3
       7
       3
       2
       1
       3
       4
       2
       0
       0
       5
       2
       5
       5
       5
       3
       3
       2
       4
       3
       0
       1
       3
       2
       2
       3
       3
       5
       0
       1
       4
       5
       6
       0
       2
       3
       3
       2
       3
       2
       5
       3
       6
       5
       2
       1
       0
       3
       4
       2
       1
       1
       4
       3
       4
       4
       4
       5
       2
       4
       2
       6
       5
       6
       3
       1
       4
       3
       3
       3
       3
       3
       1
       4
       3
       2
       3
       2
       7
       3
       4
       3
       2
       1
       4
       3
       2
       5
       3
       2
       2
       2
       5
       2
       2
       3
       4
       3
       2
       5
       3
       4
       5
       4
       3
       1
       3
       2
       3
       2
       3
       2
       1
       3
       3
       6
       5
       5
       8
       5
       1
       2
       3
       4
       3
       1
       2
       4
       1
       5
       3
       1
       2
       5
       2
       3
       4
       3
       4
       0
       3
       1
       0
       6
       5
       3
       1
       5
       5
       6
       2
       4
       2
       4
       2
       1
       2
       3
       4
       2
       1
       2
       1
       2
       2
       3
       3
       3
       7
       8
       1
       2
       9
       2
       2
       3
       2
       4
       6
       3
       5
       4
       1
       5
       1
       2
       0
       4
       3
       3
       3
       1
       0
       2
       0
       2
       1
       2
       3
       3
       1
       3
       3
       1
       1
       0
       1
       1
       3
       1
       3
       2
       5
       1
       2
       2
       3
       3
       1
       2
       3
       1
       1
       5
       2
       3
       6
       0
       0
       2
       3
       2
       5
       4
       1
       1
       2
       3
       0
       1
       4
       3
       1
       1
       2
       4
       2
       3
       1
       2
       1
       2
       2
       4
       4
       5
       1
       4
       1
       6
       1
       2
       1
       1
       4
       2
       1
       1
       5
       2
       2
       3
       1
       3
       2
       4
       3
       1
       0
       4
       3
       4
       1
       2
       1
       2
       3
       0
       2
       2
       1
       5
       4
       2
       1
       2
       0
       0
       2
       4
       0
       1
       2
       1
       3
       1
       1
       1
       2
       0
       0
       1
       1
       5
       3
       0
       4
       6
       1
       1
       3
       7
       3
       0
       1
       3
       0
       2
       1
       3
       3
       3
       3
       2
       2
       0
       5
       4
       5
       1
       3
       4
       2
       2
       3
       5
       8
       4
       4
       3
       3
       2
       1
       1
       5
       4
       3
       3
       2
       2
       0
       0
       2
       3
       2
       1
       3
       3
       2
       1
       1
       1
       1
       3
       1
       0
       2
       2
       2
       1
       1
       4
       2
       3
       2
       3
       3
       0
       0
       4
       1
       3
       2
       5
       4
       4
       1
       3
       3
       2
       4
       2
       5
       4
       1
       2
       1
       4
       2
       1
       1
       0
       3
       1
       1
       1
       2
       3
       3
       1
       2
       4
       2
       3
       2
       0
       0
       4
       5
       3
       2
       4
       0
       3
       4
       1
       1
       4
       1
       1
       1
       3
       2
       1
       3
       1
       0
       3
       2
       1
       2
       1
       2
       2
       3
       1
       2
       2
       6
       1
       2
       1
       0
       6
       4
       1
       0
       0
       2
       1
       2
       0
       3
       1
       2
       0
       3
       3
       1
       1
       4
       3
       1
       2
       1
       3
       3
       0
       0
       2
       3
       1
       0
       2
       0
       1
       4
       0
       3
       3
       1
       0
       3
       2
       0
       2
       3
       2
       2
       1
       1
       2
       2
       2
       0
       1
       0
       0
       0
       0
       1
       1
       2
       2
       0
       1
       1
       2
       0
       1
       1
       3
       2
       1
       0
       1
       3
       1
       3
       1
       1
       1
       1
       0
       0
       1
       1
       3
       1
       0
       1
       1
       0
       1
       1
       3
       1
       2
       0
       0
       0
       0
       0
       2
       1
       0
       1
       0
       2
       0
       3
       0
       0
       3
       1
       1
       2
       1
       0
       4
       0
       2
       1
       2
       0
       0
       2
       3
       1
       1
       0
       0
       3
       0
       0
       0
       2
       1
       0
       0
       0
       1
       1
       2
       2
       0
       1
       2
       2
       2
       0
       0
       3
       1
       2
       0
       1
       0
       1
       1
       2
       1
       0
       2
       0
       1
       2
       0
       1
       1
       1
       1
       0
       1
       0
       1
       1
       0
       1
       2
       3
       0
       0
       0
       0
       0
       4
       1
       0
       0
       3
       0
       0
       2
       0
       3
       1
       1
       0
       2
       0
       1
       1
       0
       1
       0
       0
       1
       1
       1
       3
       3
       1
       1
       0
       2
       1
       0
       0
       3
       1
       0
       2
       2
       1
       2
       2
       2
       3
       0
       1
       2
       0
       0
       1
       1
       1
       1
       0
       0
       0
       0
       0
       3
       3
       4
       1
       0
       1
       2
       0
       1
       2
       1
       0
       1
       2
       0
       2
       1
       1
       2
       2
       1
       3
       3
       1
       1
       1
       2
       1
       1
       1
       1
       0
       4
       1
       3
       2
       6
       0
       4
       0
       1
       1
       2
       5
       2
       4
       3
       6
       6
       5
       4
       1
       5
       4
       1
       7
       3
       9
       3
       6
       2
       6
       4
       3
       5
       4
       2
       5
       3
       4
       2
       2
       4
       3
       1
       3
       4
       3
       1
       2
       5
       3
       2
       1
       0
       3
       2
       7
       4
       5
       3
       5
       2
       2
       4
       2
       4
       6
       1
       2
       2
       3
       4
       0
       0
       0
       0
       0
       0
       0
       0
       0
       0
       0
       0
       0
       0
       0
       0
       0
       0
       0
       0
       0
       0
       0
       0
       0
       0
       0
       0
       0
       0
       0
       0
