       0
       0
       0
       0
       0
       0
       0
       0
       0
     358
    3562
    2972
     807
      80
      44
      55
      51
      49
      61
      58
      62
      55
      54
      55
      55
      53
      51
      50
      65
      49
      52
      62
      58
      61
      60
      70
      61
      57
      61
      65
      65
      57
      61
      82
      58
      78
      75
      67
      78
      74
      60
      76
      57
      67
      87
      66
      82
      66
      79
      82
      79
      78
      63
      65
      84
      81
      80
      83
      72
      87
     100
      92
     100
     100
     105
      67
      96
      77
     111
     100
     101
      95
     115
     108
     124
     128
     117
     128
     130
     108
     131
     133
     142
     119
     135
     142
     137
     125
     132
     143
     154
     135
     159
     147
     173
     172
     159
     165
     153
     147
     171
     182
     175
     150
     194
     170
     185
     191
     186
     177
     157
     188
     209
     173
     164
     203
     177
     181
     175
     182
     180
     188
     191
     163
     187
     170
     199
     217
     177
     177
     189
     177
     184
     219
     176
     185
     176
     172
     180
     213
     172
     185
     190
     210
     190
     196
     174
     169
     206
     196
     187
     194
     201
     167
     185
     149
     173
     173
     195
     167
     197
     184
     203
     179
     169
     178
     194
     188
     171
     181
     207
     174
     194
     190
     189
     177
     171
     168
     153
     177
     181
     183
     184
     183
     179
     176
     174
     172
     184
     162
     187
     190
     161
     166
     164
     186
     175
     158
     176
     160
     159
     162
     178
     177
     173
     166
     174
     155
     173
     170
     164
     178
     168
     153
     184
     171
     168
     151
     162
     154
     140
     162
     160
     146
     161
     161
     171
     168
     151
     150
     142
     181
     158
     167
     155
     159
     167
     157
     160
     161
     146
     131
     143
     155
     140
     163
     156
     149
     163
     141
     148
     170
     159
     167
     146
     157
     179
     149
     167
     151
     142
     138
     138
     136
     136
     172
     156
     159
     157
     132
     164
     153
     145
     152
     159
     152
     163
     144
     128
     138
     150
     173
     119
     129
     148
     137
     145
     134
     126
     152
     138
     127
     141
     111
     131
     140
     135
     130
     134
     141
     132
     131
     127
     131
     113
     114
     138
     131
     132
     134
     130
     117
     105
     141
     130
     126
     124
     107
     131
     111
     123
     131
      99
     110
     116
     119
     112
     108
     115
     106
     134
     118
     116
     117
     100
     101
     118
     101
     100
     111
     121
      93
     106
     111
      95
     119
     104
      93
      85
     109
      93
     107
      99
     110
     100
     115
     100
      97
      81
      95
     101
      81
      97
      91
      75
      95
      77
      97
      82
      78
      85
      83
      78
      99
      97
      86
      95
      96
      92
      73
      67
      77
      76
      77
      88
      93
      72
      75
      79
      72
      82
      99
      80
      83
      74
      74
      88
      88
      90
      81
      75
      91
      67
      70
      73
      77
      71
      88
      68
      67
      70
      81
      68
      88
      81
      69
      80
      71
      63
      85
      68
      78
      76
      83
      61
      87
      73
      77
      68
      69
      72
      76
      67
      76
      74
      75
      55
      64
      54
      76
      69
      61
      65
      76
      73
      76
      79
      58
      62
      56
      63
      69
      71
      48
      68
      58
      63
      61
      56
      75
      55
      78
      53
      74
      57
      60
      63
      68
      63
      66
      61
      70
      72
      50
      66
      65
      51
      59
      46
      76
      69
      61
      57
      67
      66
      73
      55
      71
      58
      59
      75
      65
      66
      61
      59
      49
      52
      62
      57
      65
      64
      51
      78
      48
      59
      48
      70
      66
      53
      57
      46
      60
      46
      69
      60
      51
      60
      55
      56
      53
      59
      50
      55
      50
      53
      49
      48
      42
      52
      39
      62
      55
      46
      52
      50
      44
      47
      60
      42
      49
      48
      55
      44
      36
      44
      74
      52
      44
      46
      60
      52
      66
      45
      50
      37
      53
      52
      44
      45
      51
      39
      38
      51
      51
      45
      41
      45
      66
      51
      44
      41
      38
      40
      58
      49
      50
      42
      38
      46
      42
      35
      42
      42
      49
      40
      54
      46
      52
      51
      40
      44
      31
      44
      47
      42
      41
      46
      52
      53
      38
      51
      49
      48
      49
      39
      42
      56
      46
      44
      22
      43
      43
      54
      43
      51
      44
      48
      43
      49
      49
      40
      38
      57
      48
      42
      42
      43
      43
      53
      46
      44
      34
      40
      30
      43
      35
      39
      39
      43
      47
      27
      33
      38
      32
      50
      31
      33
      21
      40
      32
      38
      36
      41
      40
      33
      39
      31
      26
      36
      38
      31
      36
      23
      27
      32
      36
      38
      25
      29
      21
      30
      33
      26
      27
      23
      24
      22
      28
      17
      25
      21
      26
      22
      34
      33
      34
      22
      27
      18
      25
      17
      22
      19
      13
      29
      33
      21
      25
      12
      20
      29
      26
      18
      19
      19
      24
      28
      37
      15
      24
      28
      32
      24
      25
      29
      30
      21
      33
      17
      18
      22
      18
      25
      21
      28
      18
      28
      22
      23
      27
      23
      23
      21
      17
      25
      22
      22
      27
      17
      15
      22
      23
      26
      20
      21
      21
      25
      24
      21
      22
      20
      13
      11
      21
      26
      25
      17
      22
       9
      25
      29
      20
      23
      13
      22
      13
      17
      24
      18
      18
      19
      14
      23
      18
      15
      16
      22
      21
      20
      23
      14
      25
      32
      21
      23
      22
      14
      17
      20
      21
      27
      24
      25
      22
      17
      18
      19
      18
      15
      26
      21
      19
      23
      20
      23
      20
      23
      18
      12
      24
      10
      25
      15
      22
      23
      16
      21
      19
      22
      17
      24
      26
      18
      25
      17
      20
      22
      20
      22
      24
      18
      21
      18
      27
      24
      17
      31
      20
      17
      18
      29
      26
      24
      26
      25
      27
      27
      26
      30
      27
      32
      24
      24
      22
      32
      36
      30
      40
      24
      33
      44
      30
      30
      44
      36
      38
      45
      48
      36
      52
      32
      39
      50
      47
      46
      51
      46
      56
      52
      59
      81
      69
      64
      78
      92
      79
      74
      77
      94
      75
      99
     108
      79
     104
     106
     107
      98
     118
     100
     110
     116
     127
     112
      98
     123
     112
     137
     166
     131
     127
     140
     147
     146
     154
     137
     163
     123
     149
     161
     185
     152
     180
     149
     163
     137
     154
     149
     165
     131
     163
     148
     180
     165
     125
     129
     157
     153
     110
     117
     114
     131
     132
     112
      97
     111
     115
     104
     110
     114
     103
      95
      83
      92
     100
      79
      89
      67
      69
      79
      58
      59
      52
      59
      44
      65
      45
      47
      34
      50
      26
      39
      27
      16
      33
      33
      38
      28
      20
      23
      26
      30
      14
      18
      18
      18
      14
      11
      14
       8
      18
       6
      13
       7
       6
      10
      12
       4
       8
       7
       6
       4
       4
       9
       5
       5
       2
       8
       3
       9
       3
       7
       5
       3
       6
       3
       3
       5
       0
       2
       3
       1
       4
       2
       2
       1
       3
       2
       5
       3
       4
       2
       4
       5
       2
       3
       7
       9
       7
       7
       5
       8
       5
       2
       4
       1
       4
       5
       7
       4
       2
       2
       4
       4
       3
       3
       1
       3
       1
       8
       1
       3
       4
       4
       3
       7
       3
       3
       5
       4
       2
       4
       3
       3
       5
       2
       3
       2
       1
       2
       2
       6
       3
       1
       6
       3
       6
       5
       2
       5
       2
       2
       6
       2
       3
       6
       3
       5
       5
       4
       3
       4
       3
       3
       2
       2
       4
       2
       2
       0
       4
       5
       2
       3
       2
       2
       3
       4
       2
       5
       3
       2
       2
       6
       4
       5
       2
       4
       3
       8
       5
       3
       5
       3
       3
       2
       2
       3
       4
       4
       1
       2
       4
       6
       3
       5
       3
       6
       4
       7
       1
       3
       1
       2
       2
       3
       5
       3
       3
       4
       3
       4
       2
       5
       2
       5
       4
       6
       1
       2
       3
       1
       0
       1
       2
       3
       7
       2
       1
       4
       5
       4
       2
       1
       0
       1
       1
       5
       6
       1
       6
       2
       1
       1
       6
       2
       1
       1
       2
       1
       1
       5
       4
       6
       3
       4
       3
       2
       3
       5
       2
       0
       2
       2
       1
       6
       6
       3
       4
       4
       7
       6
       6
       2
       5
       3
       2
       3
       1
       6
       4
       2
       4
       6
       6
       3
       2
       2
       5
       2
       5
       5
       1
       4
       5
       2
       2
       2
       7
       4
       2
       1
       6
       5
       1
       1
       8
       3
       6
       3
       2
       4
       1
       5
       3
       1
       2
       4
       6
       4
       3
       1
       2
       2
       6
       5
       4
       1
       2
       2
       2
       1
       4
       2
       3
       3
       4
       2
       6
       2
       6
       4
       3
       0
       1
       3
       6
       4
       5
       6
       3
       3
       3
       5
       4
       2
       2
       3
       4
       5
       3
       5
       5
       2
       1
       2
       3
       4
       3
       5
       2
       2
       5
       5
       1
       4
       2
       2
       2
       1
       2
       2
       4
       1
       3
       2
       0
       0
       4
       1
       1
       2
       1
       3
       2
       8
       2
       5
       4
       2
       2
       2
       1
       2
       2
       1
       2
       4
       2
       0
       2
       1
       3
       2
       1
       3
       2
       1
       2
       2
       3
       2
       3
       4
       1
       1
       4
       5
       0
       2
       1
       0
       2
       4
       1
       3
       0
       1
       1
       1
       1
       2
       3
       3
       3
       3
       4
       1
       1
       4
       3
       2
       2
       3
       1
       2
       4
       1
       3
       5
       3
       1
       4
       6
       3
       4
       2
       1
       0
       4
       3
       2
       0
       1
       1
       1
       2
       2
       1
       0
       2
       3
       1
       4
       0
       1
       3
       2
       1
       2
       3
       1
       3
       4
       5
       4
       1
       4
       2
       2
       2
       4
       2
       2
       1
       0
       4
       2
       1
       2
       1
       3
       1
       5
       2
       3
       1
       1
       5
       3
       0
       2
       2
       1
       4
       0
       3
       3
       2
       2
       3
       6
       3
       4
       2
       1
       0
       2
       2
       3
       0
       2
       2
       3
       3
       2
       2
       8
       0
       2
       1
       2
       2
       2
       3
       1
       2
       1
       3
       5
       4
       2
       2
       2
       2
       1
       1
       3
       8
       1
       1
       3
       1
       4
       2
       2
       4
       3
       1
       0
       2
       1
       3
       4
       4
       1
       2
       3
       2
       5
       3
       1
       4
       4
       0
       1
       6
       2
       4
       2
       1
       6
       2
       3
       2
       1
       3
       4
       2
       1
       2
       0
       4
       4
       0
       3
       1
       1
       2
       2
       2
       6
       1
       4
       3
       2
       0
       3
       0
       3
       0
       1
       2
       3
       2
       2
       5
       5
       2
       0
       0
       2
       5
       0
       5
       0
       0
       1
       5
       1
       4
       2
       3
       7
       3
       3
       4
       0
       0
       0
       2
       1
       4
       5
       2
       1
       3
       3
       2
       2
       2
       1
       3
       5
       1
       0
       2
       2
       1
       3
       1
       1
       0
       1
       1
       1
       1
       2
       1
       0
       1
       1
       2
       2
       1
       1
       0
       0
       3
       3
       0
       2
       5
       1
       3
       1
       2
       3
       3
       4
       2
       3
       4
       3
       1
       2
       3
       0
       0
       1
       0
       0
       3
       3
       0
       3
       0
       1
       1
       4
       3
       2
       2
       5
       3
       2
       0
       1
       1
       1
       1
       1
       3
       3
       2
       2
       1
       0
       1
       0
       1
       0
       2
       2
       0
       0
       1
       1
       2
       1
       3
       0
       5
       0
       2
       2
       4
       0
       1
       1
       2
       0
       0
       2
       0
       2
       4
       1
       3
       0
       2
       1
       1
       2
       2
       1
       3
       0
       1
       2
       0
       3
       1
       3
       1
       0
       2
       0
       2
       3
       1
       0
       0
       3
       2
       1
       1
       2
       0
       2
       1
       1
       0
       1
       1
       1
       0
       0
       1
       1
       0
       0
       1
       2
       1
       1
       5
       1
       2
       1
       1
       2
       1
       2
       2
       1
       2
       0
       1
       0
       0
       1
       0
       1
       0
       0
       0
       1
       1
       0
       0
       1
       0
       2
       0
       0
       1
       1
       1
       2
       1
       2
       1
       1
       0
       0
       0
       1
       0
       1
       1
       2
       0
       2
       1
       3
       1
       1
       3
       0
       1
       1
       1
       1
       3
       0
       2
       0
       0
       2
       1
       0
       0
       1
       1
       0
       0
       1
       1
       1
       0
       2
       1
       0
       2
       2
       1
       1
       2
       1
       1
       2
       4
       1
       0
       1
       0
       3
       1
       0
       1
       0
       1
       5
       1
       0
       0
       0
       0
       1
       1
       2
       1
       2
       0
       2
       4
       1
       2
       1
       0
       0
       0
       0
       1
       1
       0
       1
       1
       3
       1
       0
       3
       1
       2
       1
       2
       3
       1
       0
       1
       1
       5
       0
       0
       1
       2
       0
       1
       0
       2
       0
       2
       1
       3
       1
       3
       0
       3
       4
       2
       1
       1
       2
       0
       0
       4
       1
       4
       5
       3
       3
       3
       0
       1
       3
       1
       2
       1
       6
       1
       2
       2
       4
       3
       3
       1
       2
       7
       1
       4
       3
       2
       4
       4
       4
       3
       3
       4
       4
       3
       3
       3
       4
       2
       4
       5
       4
       8
       2
       6
       6
       5
       5
       5
       3
       3
       2
       6
       2
       5
       5
       1
       4
       3
       3
       5
       1
       5
       8
       4
       0
       3
       3
       2
       3
       2
       0
       0
       0
       0
       0
       0
       0
       0
       0
       0
       0
       0
       0
       0
       0
       0
       0
       0
       0
       0
       0
       0
       0
       0
       0
       0
       0
       0
       0
       0
       0
       0
