ACQUISITION INFORMATION

Detector ID:  1
Detector description:
LAB4D1 Easy-MCA-2k SN 18162513
Sample description:

Real Time:  299.999993
Live Time:  298.479993
Acquisition start date:  06Nov2019
Acquisition start time:  10:00:47
Starting channel number:   0
Number of channels:   2048


CALIBRATION INFORMATION

ENERGY CALIBRATION
Units:
Energy Fit:  0.000000E+000  1.000000E+000  0.000000E+000
FWHM Fit:  1.000000E+000  0.000000E+000  0.000000E+000
Efficiency Terms:  0.000000  0.000000  0.000000  0.000000  0.000000
  0.000000  0.000000  0.000000  0.000000  0.000000


SPECTRUM
     0:          0          0          0          0          0
     5:          0          0          0          0        276
    10:       3633       3090        738         63         40
    15:         46         54         49         45         48
    20:         36         45         38         50         59
    25:         43         61         45         46         53
    30:         50         60         61         73         53
    35:         51         66         49         80         58
    40:         74         74         65         67         60
    45:         60         54         72         65         59
    50:         68         63         70         62         85
    55:         64         66         76         74         69
    60:         70         74         76         78         75
    65:        107         71         72         73         82
    70:         84         88         84         81        106
    75:         76         88         90        107         96
    80:        105        113         97        114        108
    85:        115        117        106        118        116
    90:        135        112        115        139        153
    95:        149        171        137        136        144
   100:        150        131        135        130        142
   105:        143        160        162        146        142
   110:        182        166        176        168        183
   115:        156        183        170        158        171
   120:        167        189        176        178        149
   125:        190        192        168        182        180
   130:        179        187        150        188        201
   135:        186        173        173        190        180
   140:        187        187        184        177        221
   145:        220        191        176        177        204
   150:        179        162        209        186        175
   155:        205        178        197        189        189
   160:        166        204        180        190        182
   165:        187        180        180        188        196
   170:        192        176        210        175        176
   175:        181        189        193        184        182
   180:        187        166        199        178        177
   185:        178        169        183        177        173
   190:        170        199        180        176        164
   195:        172        191        190        171        166
   200:        182        192        176        167        159
   205:        177        176        158        164        160
   210:        159        178        153        177        167
   215:        168        150        177        173        158
   220:        155        146        180        139        145
   225:        152        160        163        169        126
   230:        142        152        127        178        148
   235:        163        173        148        151        153
   240:        146        145        153        161        134
   245:        156        156        184        145        145
   250:        132        136        135        147        135
   255:        127        127        143        146        141
   260:        168        140        153        143        160
   265:        153        136        160        131        151
   270:        148        139        131        144        158
   275:        136        140        131        163        154
   280:        136        127        117        165        157
   285:        177        142        152        151        145
   290:        157        144        150        161        156
   295:        137        115        133        145        114
   300:        132        119        120        120        147
   305:        128        133        140        124        135
   310:        104        116        133        101        121
   315:        129        112        108        114        134
   320:        112        118        123        124        132
   325:        105        117        118        105        104
   330:        120        119         94        105        108
   335:        122        115        130        114        108
   340:        110        113        124        111        121
   345:        102        113        109        111         96
   350:         95        102         90        102         82
   355:         91        102        103        102         83
   360:        111         95         80        100         87
   365:         88        100         90         93        107
   370:         95         72         73         80         83
   375:         85         68         86         75        108
   380:         83         88         92         92         93
   385:         93         72         85         73         69
   390:         70         63         83         93         76
   395:         77         87         74         88         80
   400:         73         77         62         67         62
   405:         77         71         69         70         80
   410:         75         81         48         65         66
   415:         68         85         62         79         82
   420:         65         84         77         81         74
   425:         69         69         64         83         61
   430:         73         59         67         79         66
   435:         67         62         74         57         65
   440:         77         71         71         58         78
   445:         61         84         62         60         64
   450:         61         75         58         68         52
   455:         72         58         72         66         59
   460:         60         71         62         66         62
   465:         75         54         70         51         62
   470:         60         62         53         61         53
   475:         67         61         64         61         53
   480:         63         68         56         63         54
   485:         58         47         67         53         48
   490:         67         43         51         52         66
   495:         60         40         54         58         61
   500:         68         54         60         58         69
   505:         63         55         55         63         58
   510:         59         47         49         46         52
   515:         48         41         59         54         61
   520:         52         55         50         45         56
   525:         46         51         61         54         48
   530:         45         36         52         59         46
   535:         47         45         51         38         51
   540:         55         39         59         51         54
   545:         48         48         46         43         46
   550:         43         57         45         45         41
   555:         46         40         45         45         54
   560:         52         46         49         46         43
   565:         48         43         46         41         48
   570:         39         35         49         42         50
   575:         48         53         50         41         41
   580:         43         49         42         50         49
   585:         37         35         45         45         43
   590:         46         51         39         38         46
   595:         43         42         46         49         41
   600:         48         35         45         52         52
   605:         45         48         38         34         42
   610:         29         48         40         46         38
   615:         38         28         30         36         26
   620:         43         47         46         28         39
   625:         32         34         47         54         44
   630:         30         34         41         30         38
   635:         44         37         45         40         39
   640:         31         36         32         30         37
   645:         48         32         26         36         27
   650:         31         29         30         34         32
   655:         31         32         33         28         47
   660:         38         38         25         24         28
   665:         40         35         34         35         32
   670:         30         29         29         28         27
   675:         26         29         24         28         30
   680:         31         25         25         32         22
   685:         14         33         31         40         27
   690:         25         24         27         24         28
   695:         19         28         24         24         26
   700:         23         37         27         26         29
   705:         34         15         33         22         35
   710:         22         17         19         23         33
   715:         24         32         28         19         17
   720:         21         24         17         21         16
   725:         21         19         26         29         16
   730:         29         20         21         18         26
   735:         33         14         31         20         13
   740:         19         21         24         25         24
   745:         22         20         19         15         16
   750:         14         24         25         28         30
   755:         20         20         16         22         26
   760:         14         23         22         28         26
   765:         15         19         14         25         17
   770:         15         26         20         16         18
   775:         21         14         16         21         22
   780:         17         13         23         21         19
   785:         11         22         13         15         21
   790:         14         26         19         15         18
   795:         31         10         13         22         29
   800:         18         14         27         30         16
   805:         21         17         24         20         18
   810:         22         17         18         23         22
   815:         17         18         23         21         18
   820:         17         19         18         18          9
   825:         16         21         19         26         19
   830:         14         17         28         19         19
   835:         18         21         18         22         31
   840:         25         23         24         18         24
   845:         20         20         20         15         20
   850:         21         19         29         26         26
   855:         30         33         24         31         15
   860:         22         18         36         17         35
   865:         30         28         21         31         29
   870:         35         32         33         35         38
   875:         36         29         31         43         35
   880:         30         48         38         47         40
   885:         54         47         48         50         47
   890:         57         57         61         48         70
   895:         72         72         79         83         65
   900:         70         80         89         88         79
   905:        121         92         87         89        115
   910:         83        120        102        120        109
   915:        129        102        137        129        125
   920:        133        121        148        101        127
   925:        136        133        145        129        127
   930:        141        136        137        143        129
   935:        139        135        116        148        112
   940:        123        137        139        124        117
   945:        135        141        123        100        110
   950:        112         96         95        114        100
   955:        103         97         91         83         79
   960:         84         75         67         80         67
   965:         77         61         64         53         61
   970:         54         42         42         38         40
   975:         34         45         34         41         36
   980:         24         23         32         32         21
   985:         13         26         24         25         15
   990:         18         20         15         10          7
   995:         20         13         12         14         10
  1000:          6         16         12         11         12
  1005:         13          3          6          4         10
  1010:          7          2          6          8          7
  1015:          6          1          3          3          4
  1020:          6          6          6          4          5
  1025:          5          2          3          3          5
  1030:          4          5          5          2          4
  1035:          6          5          7          5          5
  1040:          4          6          4          3          5
  1045:          3          2          4          9          0
  1050:          1          5          2          2          4
  1055:          4          6          5          4         10
  1060:          4          3          2          4          4
  1065:          4          2          9          6          1
  1070:          3          2          5          5          6
  1075:          5          1          2          3          1
  1080:          6          2          4          3          5
  1085:          2          4          3          3          5
  1090:          6          3          6          1          4
  1095:          5          4          3          4          2
  1100:          1          3          1          5          3
  1105:          7          5          1          3          5
  1110:          7          4          3          1          2
  1115:          2          1          3          4          4
  1120:          3          3          3          3          5
  1125:          5          6          4          5          2
  1130:          5          4          3          2          5
  1135:          3          4          5          5          6
  1140:          4          4          3          5          3
  1145:          4          2          3          1          3
  1150:          7          2          6          4          3
  1155:          5          5          8          5          5
  1160:          2          3          2          0          1
  1165:          4          6          4          2          7
  1170:          1          1          1          4          6
  1175:          3          7          1          5          3
  1180:          4          1          2          5          2
  1185:          3          4          5          4          0
  1190:          2          4          2          2          6
  1195:          2          3          2          3          6
  1200:          3          3          2          2          3
  1205:          2          4          7          3          3
  1210:          5          2          3          2          5
  1215:          0          2          4          5          2
  1220:          4          3          3          5          4
  1225:          2          3          5          5          1
  1230:          2          2          3          5          2
  1235:          6          4          8          4          4
  1240:          2          5          7          5          3
  1245:          5          2          2          3          7
  1250:          1          1          3          8          3
  1255:          6          1          3          4          3
  1260:          2          6          8          5          4
  1265:          7          2          2          4          5
  1270:          1          1          2          4          6
  1275:          6          4          9          4          3
  1280:          4          3          5          4          2
  1285:          2          1          3          1          3
  1290:          5          5          5          4          3
  1295:          3          1          3          4          4
  1300:          2          2          3          3          2
  1305:          5          3          4          6          3
  1310:          7          1          4          0          1
  1315:          3          2          3          1          5
  1320:          4          4          4          1          3
  1325:          4          2          4          2          2
  1330:          4          5          2          1          3
  1335:          2          5          3          1          3
  1340:          3          3          4          4          5
  1345:          2          1          3          4          0
  1350:          3          3          1          2          1
  1355:          4          2          2          1          2
  1360:          1          4          7          2          5
  1365:          2          0          2          7          1
  1370:          4          2          2          3          6
  1375:          2          2          2          1          6
  1380:          2          2          4          2          0
  1385:          1          3          6          3          1
  1390:          4          4          2          3          3
  1395:          3          3          2          5          2
  1400:          6          2          1          2          3
  1405:          3          3          4          3          0
  1410:          1          2          2          2          1
  1415:          4          3          3          1          3
  1420:          1          2          2          1          0
  1425:          2          1          4          2          0
  1430:          2          1          5          1          2
  1435:          2          3          2          0          1
  1440:          1          4          1          0          2
  1445:          1          1          4          2          4
  1450:          4          0          2          2          3
  1455:          0          2          2          3          1
  1460:          1          1          0          4          2
  1465:          4          1          4          1          3
  1470:          6          2          1          3          3
  1475:          3          2          4          0          2
  1480:          2          0          1          3          2
  1485:          2          1          0          4          1
  1490:          5          3          0          3          4
  1495:          2          7          3          1          4
  1500:          3          2          3          2          2
  1505:          1          1          1          2          1
  1510:          1          3          4          2          0
  1515:          4          0          2          3          3
  1520:          0          3          5          4          2
  1525:          2          4          1          1          2
  1530:          2          3          4          1          2
  1535:          2          3          2          2          2
  1540:          2          1          1          4          2
  1545:          2          4          2          0          1
  1550:          6          2          2          1          2
  1555:          6          4          2          4          6
  1560:          3          4          3          2          2
  1565:          3          0          1          4          1
  1570:          5          4          1          2          0
  1575:          1          5          2          4          5
  1580:          1          3          4          0          1
  1585:          3          2          3          3          2
  1590:          3          2          2          1          2
  1595:          6          5          2          1          4
  1600:          1          4          1          1          3
  1605:          1          2          3          1          0
  1610:          2          2          1          1          5
  1615:          3          0          4          1          2
  1620:          2          4          1          2          2
  1625:          5          2          0          1          3
  1630:          0          2          2          1          1
  1635:          0          1          2          2          1
  1640:          2          2          1          2          1
  1645:          3          0          0          2          2
  1650:          1          3          1          2          0
  1655:          2          1          1          2          1
  1660:          3          2          1          2          1
  1665:          3          1          1          4          2
  1670:          3          4          0          2          1
  1675:          4          1          2          4          0
  1680:          4          1          3          3          4
  1685:          1          3          0          2          5
  1690:          0          0          3          2          0
  1695:          0          1          1          1          1
  1700:          1          2          1          0          2
  1705:          2          1          0          0          1
  1710:          1          2          2          0          4
  1715:          1          1          0          3          2
  1720:          0          0          1          2          1
  1725:          4          0          1          0          4
  1730:          0          2          3          2          1
  1735:          3          1          0          2          2
  1740:          0          1          1          1          1
  1745:          0          1          1          1          0
  1750:          2          0          2          0          1
  1755:          0          2          1          4          2
  1760:          0          1          1          0          2
  1765:          1          2          0          4          1
  1770:          1          3          1          3          2
  1775:          0          1          2          2          0
  1780:          0          1          0          0          0
  1785:          3          1          2          2          2
  1790:          0          1          3          0          0
  1795:          2          2          0          2          0
  1800:          0          1          0          1          1
  1805:          2          2          1          0          0
  1810:          0          0          0          1          2
  1815:          0          0          4          1          0
  1820:          1          2          1          0          0
  1825:          2          2          2          2          1
  1830:          0          2          0          1          1
  1835:          1          1          1          1          0
  1840:          2          3          0          0          0
  1845:          3          2          1          0          1
  1850:          0          0          0          2          0
  1855:          0          0          0          1          0
  1860:          2          2          1          2          2
  1865:          2          1          1          2          3
  1870:          1          0          1          0          0
  1875:          2          0          1          0          1
  1880:          0          3          2          2          0
  1885:          0          1          0          0          2
  1890:          0          0          1          0          1
  1895:          1          0          1          1          1
  1900:          3          2          1          1          0
  1905:          0          1          1          4          0
  1910:          5          3          1          2          2
  1915:          1          0          2          3          1
  1920:          1          3          1          3          2
  1925:          1          3          4          0          0
  1930:          1          3          1          2          1
  1935:          2          2          5          0          0
  1940:          2          2          3          2          2
  1945:          0          3          4          1          1
  1950:          5          2          3          4          3
  1955:          7          3          2          2          0
  1960:          3          3          6          2          5
  1965:          3          1          7          2          4
  1970:          1          7          4          8          8
  1975:          6          5          4          3          4
  1980:          3          5          3          2          2
  1985:          3          5          3          5          2
  1990:          4          3          2          1          2
  1995:          4          5          5          1          5
  2000:          7          3          5          5          6
  2005:          2          6          4          5          2
  2010:          4          1          6          2          5
  2015:          4          0          0          0          0
  2020:          0          0          0          0          0
  2025:          0          0          0          0          0
  2030:          0          0          0          0          0
  2035:          0          0          0          0          0
  2040:          0          0          0          0          0
  2045:          0          0          0
