ACQUISITION INFORMATION

Detector ID:  1
Detector description:
LAB4D1 Easy-MCA-2k SN 18162513
Sample description:

Real Time:  299.999993
Live Time:  298.479993
Acquisition start date:  06Nov2019
Acquisition start time:  09:54:42
Starting channel number:   0
Number of channels:   2048


CALIBRATION INFORMATION

ENERGY CALIBRATION
Units:
Energy Fit:  0.000000E+000  1.000000E+000  0.000000E+000
FWHM Fit:  1.000000E+000  0.000000E+000  0.000000E+000
Efficiency Terms:  0.000000  0.000000  0.000000  0.000000  0.000000
  0.000000  0.000000  0.000000  0.000000  0.000000


SPECTRUM
     0:          0          0          0          0          0
     5:          0          0          0          0        358
    10:       3562       2972        807         80         44
    15:         55         51         49         61         58
    20:         62         55         54         55         55
    25:         53         51         50         65         49
    30:         52         62         58         61         60
    35:         70         61         57         61         65
    40:         65         57         61         82         58
    45:         78         75         67         78         74
    50:         60         76         57         67         87
    55:         66         82         66         79         82
    60:         79         78         63         65         84
    65:         81         80         83         72         87
    70:        100         92        100        100        105
    75:         67         96         77        111        100
    80:        101         95        115        108        124
    85:        128        117        128        130        108
    90:        131        133        142        119        135
    95:        142        137        125        132        143
   100:        154        135        159        147        173
   105:        172        159        165        153        147
   110:        171        182        175        150        194
   115:        170        185        191        186        177
   120:        157        188        209        173        164
   125:        203        177        181        175        182
   130:        180        188        191        163        187
   135:        170        199        217        177        177
   140:        189        177        184        219        176
   145:        185        176        172        180        213
   150:        172        185        190        210        190
   155:        196        174        169        206        196
   160:        187        194        201        167        185
   165:        149        173        173        195        167
   170:        197        184        203        179        169
   175:        178        194        188        171        181
   180:        207        174        194        190        189
   185:        177        171        168        153        177
   190:        181        183        184        183        179
   195:        176        174        172        184        162
   200:        187        190        161        166        164
   205:        186        175        158        176        160
   210:        159        162        178        177        173
   215:        166        174        155        173        170
   220:        164        178        168        153        184
   225:        171        168        151        162        154
   230:        140        162        160        146        161
   235:        161        171        168        151        150
   240:        142        181        158        167        155
   245:        159        167        157        160        161
   250:        146        131        143        155        140
   255:        163        156        149        163        141
   260:        148        170        159        167        146
   265:        157        179        149        167        151
   270:        142        138        138        136        136
   275:        172        156        159        157        132
   280:        164        153        145        152        159
   285:        152        163        144        128        138
   290:        150        173        119        129        148
   295:        137        145        134        126        152
   300:        138        127        141        111        131
   305:        140        135        130        134        141
   310:        132        131        127        131        113
   315:        114        138        131        132        134
   320:        130        117        105        141        130
   325:        126        124        107        131        111
   330:        123        131         99        110        116
   335:        119        112        108        115        106
   340:        134        118        116        117        100
   345:        101        118        101        100        111
   350:        121         93        106        111         95
   355:        119        104         93         85        109
   360:         93        107         99        110        100
   365:        115        100         97         81         95
   370:        101         81         97         91         75
   375:         95         77         97         82         78
   380:         85         83         78         99         97
   385:         86         95         96         92         73
   390:         67         77         76         77         88
   395:         93         72         75         79         72
   400:         82         99         80         83         74
   405:         74         88         88         90         81
   410:         75         91         67         70         73
   415:         77         71         88         68         67
   420:         70         81         68         88         81
   425:         69         80         71         63         85
   430:         68         78         76         83         61
   435:         87         73         77         68         69
   440:         72         76         67         76         74
   445:         75         55         64         54         76
   450:         69         61         65         76         73
   455:         76         79         58         62         56
   460:         63         69         71         48         68
   465:         58         63         61         56         75
   470:         55         78         53         74         57
   475:         60         63         68         63         66
   480:         61         70         72         50         66
   485:         65         51         59         46         76
   490:         69         61         57         67         66
   495:         73         55         71         58         59
   500:         75         65         66         61         59
   505:         49         52         62         57         65
   510:         64         51         78         48         59
   515:         48         70         66         53         57
   520:         46         60         46         69         60
   525:         51         60         55         56         53
   530:         59         50         55         50         53
   535:         49         48         42         52         39
   540:         62         55         46         52         50
   545:         44         47         60         42         49
   550:         48         55         44         36         44
   555:         74         52         44         46         60
   560:         52         66         45         50         37
   565:         53         52         44         45         51
   570:         39         38         51         51         45
   575:         41         45         66         51         44
   580:         41         38         40         58         49
   585:         50         42         38         46         42
   590:         35         42         42         49         40
   595:         54         46         52         51         40
   600:         44         31         44         47         42
   605:         41         46         52         53         38
   610:         51         49         48         49         39
   615:         42         56         46         44         22
   620:         43         43         54         43         51
   625:         44         48         43         49         49
   630:         40         38         57         48         42
   635:         42         43         43         53         46
   640:         44         34         40         30         43
   645:         35         39         39         43         47
   650:         27         33         38         32         50
   655:         31         33         21         40         32
   660:         38         36         41         40         33
   665:         39         31         26         36         38
   670:         31         36         23         27         32
   675:         36         38         25         29         21
   680:         30         33         26         27         23
   685:         24         22         28         17         25
   690:         21         26         22         34         33
   695:         34         22         27         18         25
   700:         17         22         19         13         29
   705:         33         21         25         12         20
   710:         29         26         18         19         19
   715:         24         28         37         15         24
   720:         28         32         24         25         29
   725:         30         21         33         17         18
   730:         22         18         25         21         28
   735:         18         28         22         23         27
   740:         23         23         21         17         25
   745:         22         22         27         17         15
   750:         22         23         26         20         21
   755:         21         25         24         21         22
   760:         20         13         11         21         26
   765:         25         17         22          9         25
   770:         29         20         23         13         22
   775:         13         17         24         18         18
   780:         19         14         23         18         15
   785:         16         22         21         20         23
   790:         14         25         32         21         23
   795:         22         14         17         20         21
   800:         27         24         25         22         17
   805:         18         19         18         15         26
   810:         21         19         23         20         23
   815:         20         23         18         12         24
   820:         10         25         15         22         23
   825:         16         21         19         22         17
   830:         24         26         18         25         17
   835:         20         22         20         22         24
   840:         18         21         18         27         24
   845:         17         31         20         17         18
   850:         29         26         24         26         25
   855:         27         27         26         30         27
   860:         32         24         24         22         32
   865:         36         30         40         24         33
   870:         44         30         30         44         36
   875:         38         45         48         36         52
   880:         32         39         50         47         46
   885:         51         46         56         52         59
   890:         81         69         64         78         92
   895:         79         74         77         94         75
   900:         99        108         79        104        106
   905:        107         98        118        100        110
   910:        116        127        112         98        123
   915:        112        137        166        131        127
   920:        140        147        146        154        137
   925:        163        123        149        161        185
   930:        152        180        149        163        137
   935:        154        149        165        131        163
   940:        148        180        165        125        129
   945:        157        153        110        117        114
   950:        131        132        112         97        111
   955:        115        104        110        114        103
   960:         95         83         92        100         79
   965:         89         67         69         79         58
   970:         59         52         59         44         65
   975:         45         47         34         50         26
   980:         39         27         16         33         33
   985:         38         28         20         23         26
   990:         30         14         18         18         18
   995:         14         11         14          8         18
  1000:          6         13          7          6         10
  1005:         12          4          8          7          6
  1010:          4          4          9          5          5
  1015:          2          8          3          9          3
  1020:          7          5          3          6          3
  1025:          3          5          0          2          3
  1030:          1          4          2          2          1
  1035:          3          2          5          3          4
  1040:          2          4          5          2          3
  1045:          7          9          7          7          5
  1050:          8          5          2          4          1
  1055:          4          5          7          4          2
  1060:          2          4          4          3          3
  1065:          1          3          1          8          1
  1070:          3          4          4          3          7
  1075:          3          3          5          4          2
  1080:          4          3          3          5          2
  1085:          3          2          1          2          2
  1090:          6          3          1          6          3
  1095:          6          5          2          5          2
  1100:          2          6          2          3          6
  1105:          3          5          5          4          3
  1110:          4          3          3          2          2
  1115:          4          2          2          0          4
  1120:          5          2          3          2          2
  1125:          3          4          2          5          3
  1130:          2          2          6          4          5
  1135:          2          4          3          8          5
  1140:          3          5          3          3          2
  1145:          2          3          4          4          1
  1150:          2          4          6          3          5
  1155:          3          6          4          7          1
  1160:          3          1          2          2          3
  1165:          5          3          3          4          3
  1170:          4          2          5          2          5
  1175:          4          6          1          2          3
  1180:          1          0          1          2          3
  1185:          7          2          1          4          5
  1190:          4          2          1          0          1
  1195:          1          5          6          1          6
  1200:          2          1          1          6          2
  1205:          1          1          2          1          1
  1210:          5          4          6          3          4
  1215:          3          2          3          5          2
  1220:          0          2          2          1          6
  1225:          6          3          4          4          7
  1230:          6          6          2          5          3
  1235:          2          3          1          6          4
  1240:          2          4          6          6          3
  1245:          2          2          5          2          5
  1250:          5          1          4          5          2
  1255:          2          2          7          4          2
  1260:          1          6          5          1          1
  1265:          8          3          6          3          2
  1270:          4          1          5          3          1
  1275:          2          4          6          4          3
  1280:          1          2          2          6          5
  1285:          4          1          2          2          2
  1290:          1          4          2          3          3
  1295:          4          2          6          2          6
  1300:          4          3          0          1          3
  1305:          6          4          5          6          3
  1310:          3          3          5          4          2
  1315:          2          3          4          5          3
  1320:          5          5          2          1          2
  1325:          3          4          3          5          2
  1330:          2          5          5          1          4
  1335:          2          2          2          1          2
  1340:          2          4          1          3          2
  1345:          0          0          4          1          1
  1350:          2          1          3          2          8
  1355:          2          5          4          2          2
  1360:          2          1          2          2          1
  1365:          2          4          2          0          2
  1370:          1          3          2          1          3
  1375:          2          1          2          2          3
  1380:          2          3          4          1          1
  1385:          4          5          0          2          1
  1390:          0          2          4          1          3
  1395:          0          1          1          1          1
  1400:          2          3          3          3          3
  1405:          4          1          1          4          3
  1410:          2          2          3          1          2
  1415:          4          1          3          5          3
  1420:          1          4          6          3          4
  1425:          2          1          0          4          3
  1430:          2          0          1          1          1
  1435:          2          2          1          0          2
  1440:          3          1          4          0          1
  1445:          3          2          1          2          3
  1450:          1          3          4          5          4
  1455:          1          4          2          2          2
  1460:          4          2          2          1          0
  1465:          4          2          1          2          1
  1470:          3          1          5          2          3
  1475:          1          1          5          3          0
  1480:          2          2          1          4          0
  1485:          3          3          2          2          3
  1490:          6          3          4          2          1
  1495:          0          2          2          3          0
  1500:          2          2          3          3          2
  1505:          2          8          0          2          1
  1510:          2          2          2          3          1
  1515:          2          1          3          5          4
  1520:          2          2          2          2          1
  1525:          1          3          8          1          1
  1530:          3          1          4          2          2
  1535:          4          3          1          0          2
  1540:          1          3          4          4          1
  1545:          2          3          2          5          3
  1550:          1          4          4          0          1
  1555:          6          2          4          2          1
  1560:          6          2          3          2          1
  1565:          3          4          2          1          2
  1570:          0          4          4          0          3
  1575:          1          1          2          2          2
  1580:          6          1          4          3          2
  1585:          0          3          0          3          0
  1590:          1          2          3          2          2
  1595:          5          5          2          0          0
  1600:          2          5          0          5          0
  1605:          0          1          5          1          4
  1610:          2          3          7          3          3
  1615:          4          0          0          0          2
  1620:          1          4          5          2          1
  1625:          3          3          2          2          2
  1630:          1          3          5          1          0
  1635:          2          2          1          3          1
  1640:          1          0          1          1          1
  1645:          1          2          1          0          1
  1650:          1          2          2          1          1
  1655:          0          0          3          3          0
  1660:          2          5          1          3          1
  1665:          2          3          3          4          2
  1670:          3          4          3          1          2
  1675:          3          0          0          1          0
  1680:          0          3          3          0          3
  1685:          0          1          1          4          3
  1690:          2          2          5          3          2
  1695:          0          1          1          1          1
  1700:          1          3          3          2          2
  1705:          1          0          1          0          1
  1710:          0          2          2          0          0
  1715:          1          1          2          1          3
  1720:          0          5          0          2          2
  1725:          4          0          1          1          2
  1730:          0          0          2          0          2
  1735:          4          1          3          0          2
  1740:          1          1          2          2          1
  1745:          3          0          1          2          0
  1750:          3          1          3          1          0
  1755:          2          0          2          3          1
  1760:          0          0          3          2          1
  1765:          1          2          0          2          1
  1770:          1          0          1          1          1
  1775:          0          0          1          1          0
  1780:          0          1          2          1          1
  1785:          5          1          2          1          1
  1790:          2          1          2          2          1
  1795:          2          0          1          0          0
  1800:          1          0          1          0          0
  1805:          0          1          1          0          0
  1810:          1          0          2          0          0
  1815:          1          1          1          2          1
  1820:          2          1          1          0          0
  1825:          0          1          0          1          1
  1830:          2          0          2          1          3
  1835:          1          1          3          0          1
  1840:          1          1          1          3          0
  1845:          2          0          0          2          1
  1850:          0          0          1          1          0
  1855:          0          1          1          1          0
  1860:          2          1          0          2          2
  1865:          1          1          2          1          1
  1870:          2          4          1          0          1
  1875:          0          3          1          0          1
  1880:          0          1          5          1          0
  1885:          0          0          0          1          1
  1890:          2          1          2          0          2
  1895:          4          1          2          1          0
  1900:          0          0          0          1          1
  1905:          0          1          1          3          1
  1910:          0          3          1          2          1
  1915:          2          3          1          0          1
  1920:          1          5          0          0          1
  1925:          2          0          1          0          2
  1930:          0          2          1          3          1
  1935:          3          0          3          4          2
  1940:          1          1          2          0          0
  1945:          4          1          4          5          3
  1950:          3          3          0          1          3
  1955:          1          2          1          6          1
  1960:          2          2          4          3          3
  1965:          1          2          7          1          4
  1970:          3          2          4          4          4
  1975:          3          3          4          4          3
  1980:          3          3          4          2          4
  1985:          5          4          8          2          6
  1990:          6          5          5          5          3
  1995:          3          2          6          2          5
  2000:          5          1          4          3          3
  2005:          5          1          5          8          4
  2010:          0          3          3          2          3
  2015:          2          0          0          0          0
  2020:          0          0          0          0          0
  2025:          0          0          0          0          0
  2030:          0          0          0          0          0
  2035:          0          0          0          0          0
  2040:          0          0          0          0          0
  2045:          0          0          0
