       0
       0
       0
       0
       0
       0
       0
       0
       0
     198
    2897
    2587
     683
      48
      34
      34
      31
      32
      40
      40
      43
      45
      29
      39
      45
      46
      44
      45
      37
      45
      50
      45
      40
      52
      31
      47
      58
      46
      53
      50
      39
      47
      59
      55
      51
      57
      52
      49
      48
      53
      55
      39
      53
      59
      65
      54
      58
      69
      61
      45
      73
      63
      58
      68
      73
      65
      73
      70
      65
      68
      81
      72
      81
      97
      70
      78
      86
     109
      90
     103
     104
      90
     100
     104
     105
     101
     107
     115
     108
     125
     132
     151
     136
     134
     128
     134
     127
     147
     161
     157
     156
     154
     154
     158
     177
     158
     152
     162
     167
     162
     157
     194
     164
     175
     210
     176
     172
     204
     171
     187
     176
     184
     188
     206
     221
     172
     193
     189
     173
     160
     217
     198
     215
     196
     209
     202
     188
     193
     203
     222
     211
     195
     201
     201
     196
     225
     165
     212
     171
     191
     197
     188
     197
     191
     193
     210
     212
     196
     210
     188
     202
     194
     195
     196
     182
     164
     211
     186
     182
     184
     196
     198
     208
     187
     196
     195
     213
     175
     170
     175
     166
     167
     164
     174
     182
     152
     194
     174
     210
     164
     169
     175
     162
     170
     158
     150
     157
     176
     169
     164
     171
     160
     174
     159
     145
     167
     176
     170
     176
     172
     166
     167
     169
     149
     173
     187
     157
     155
     151
     154
     163
     137
     145
     141
     167
     170
     127
     142
     157
     134
     138
     138
     153
     152
     135
     146
     140
     131
     154
     118
     132
     133
     120
     126
     111
     122
     117
     133
     147
     140
     146
     136
     120
     140
     144
     134
     158
     125
     111
     117
     101
     139
     129
     105
     139
     143
     156
     125
     137
     134
     109
     142
     124
     135
     121
     139
     111
     125
     135
     135
     110
     122
     118
     115
     136
     135
     121
     107
     108
     109
     102
     137
     105
     126
     102
     119
     108
     121
     111
     116
     126
     112
      85
     107
      92
      84
     107
     104
      97
     111
      92
      96
      86
      94
      95
      97
      85
      90
     101
      94
      92
      84
      95
      90
      88
     112
     102
      82
      90
      93
      97
      92
      86
      90
     102
      94
      94
      92
      85
      91
      76
      88
      87
      86
     100
      98
      91
      68
      84
     111
      85
      76
      79
      73
     102
      80
      68
      56
      65
      63
      83
      87
      68
      88
      72
      72
      64
      73
      69
      71
      56
      80
      63
      72
      77
      76
      66
      64
      46
      54
      61
      63
      72
      58
      61
      67
      47
      55
      60
      54
      68
      55
      58
      52
      56
      54
      46
      54
      55
      67
      60
      72
      54
      52
      57
      56
      58
      74
      47
      53
      55
      53
      50
      44
      63
      66
      47
      51
      46
      48
      65
      46
      61
      45
      58
      58
      53
      65
      50
      49
      45
      52
      48
      54
      57
      47
      53
      39
      48
      55
      44
      45
      59
      55
      43
      35
      45
      52
      48
      35
      44
      40
      51
      51
      41
      44
      44
      37
      43
      48
      46
      41
      51
      44
      44
      38
      44
      32
      37
      42
      33
      44
      43
      41
      43
      37
      49
      49
      39
      44
      36
      40
      51
      35
      46
      51
      40
      31
      42
      36
      35
      41
      54
      55
      41
      41
      32
      47
      53
      45
      40
      34
      46
      46
      41
      42
      35
      39
      38
      33
      39
      47
      31
      28
      28
      37
      46
      46
      31
      37
      49
      39
      34
      42
      48
      29
      40
      51
      39
      22
      36
      28
      37
      31
      27
      23
      20
      24
      32
      33
      33
      32
      36
      26
      28
      32
      21
      30
      31
      36
      29
      31
      28
      24
      47
      29
      24
      31
      26
      24
      26
      25
      35
      22
      28
      41
      26
      31
      34
      19
      22
      28
      34
      25
      27
      41
      33
      29
      23
      31
      32
      24
      34
      29
      23
      36
      23
      35
      37
      21
      18
      26
      28
      32
      34
      27
      34
      31
      40
      28
      34
      22
      41
      40
      30
      37
      28
      21
      30
      20
      25
      27
      37
      22
      24
      31
      26
      18
      25
      21
      27
      35
      26
      24
      28
      24
      24
      23
      25
      22
      23
      27
      29
      33
      26
      17
      24
      17
      24
      23
      17
      24
      13
      28
      18
      29
      33
      26
      26
      32
      24
      22
      19
      21
      23
      22
      28
      18
      28
      21
      17
      19
      25
      29
      32
      27
      25
      29
      23
      30
      26
      23
      34
      23
      14
      16
      20
      22
      26
      15
      27
      19
      21
      19
      20
      18
      18
      18
      24
      26
      17
      15
      19
      27
      30
      22
      22
      21
      19
      30
      25
      19
      23
      19
      16
      25
      17
      21
      16
      20
      16
      19
      19
      22
      20
      21
      24
      18
      17
      22
      15
      16
      11
      10
      27
      23
      19
      11
      18
      18
      30
      16
      26
      17
      21
      21
      12
      20
      18
      15
      17
      16
      26
      21
      21
      13
      20
      23
      12
      23
      14
      25
      14
      21
      19
      26
      19
      22
      25
      12
      18
      17
      10
      17
      20
      19
      15
      13
      20
      20
      15
      18
      16
      21
      12
      21
      15
      14
      16
      22
      16
      17
      16
      25
      13
      12
      14
      12
      19
      23
      20
      14
      12
      20
      18
      19
      24
      20
      14
      13
       8
      18
      17
      14
      18
      14
      21
      19
      16
      16
      17
      13
      26
      13
      14
      16
      19
      16
      24
      17
      17
      11
      19
      12
      14
      17
      17
      20
      18
      13
      29
      22
      15
      17
      17
      17
      25
      16
      16
      22
      17
      13
      18
      12
      17
      14
      11
      22
      22
      17
      17
      22
      17
      15
      15
      18
      24
      16
      20
      12
      11
      17
      16
      13
      21
      21
      26
      20
      18
      20
      24
      20
      24
      28
      16
      23
      21
      22
      20
      20
      25
      15
      16
      28
      26
      26
      34
      26
      26
      17
      33
      30
      32
      32
      30
      31
      30
      22
      28
      38
      32
      34
      24
      36
      38
      35
      36
      38
      38
      42
      33
      43
      45
      40
      37
      40
      41
      53
      44
      35
      37
      34
      37
      40
      45
      52
      44
      35
      34
      44
      58
      35
      37
      37
      43
      46
      43
      43
      46
      34
      39
      48
      43
      45
      44
      41
      36
      34
      39
      30
      39
      26
      33
      31
      37
      29
      34
      22
      33
      33
      29
      17
      23
      22
      16
      25
      19
      15
      21
      20
      16
      13
      23
      15
      21
      17
       6
      14
       9
      11
      14
       7
       6
      10
      10
      12
      10
       4
       9
       5
       7
       4
       8
       5
       6
       6
       4
       4
       6
       5
       2
       3
       4
       8
       7
       4
       7
       2
       4
       5
       2
       4
       3
       7
       4
       1
       4
       2
       5
       6
       3
       4
       3
       4
       3
       2
       5
       4
       1
       4
       4
       2
       7
       2
       2
       1
       6
       2
       4
       3
       4
       5
       2
       1
       3
      12
       7
       6
       6
       3
       1
       2
       5
       2
       3
       3
       4
       3
       3
       6
       4
       7
       1
       3
       5
       7
       5
       6
       4
       4
       4
       4
       3
       5
       6
       4
       4
       2
       1
       4
       6
       5
       3
       5
       2
       5
       5
       1
       3
       5
       1
       2
       1
       3
       3
       5
       4
       1
       5
       2
       3
       6
       3
       5
       2
       6
       3
       5
       4
       7
       8
       6
       5
       4
       1
       6
       4
       5
       6
       2
       5
       2
       5
       1
       3
       1
       2
       1
       5
       3
       4
       2
       4
       2
       3
       5
       1
       4
       2
       0
       8
       3
       2
       9
       0
       5
       1
       3
       1
       2
       4
       5
       4
       8
       5
       2
       2
       4
       4
       4
       4
       1
       5
       4
       2
       4
       2
       4
       3
       4
       4
       2
       2
       3
       4
       8
       2
       4
       1
       4
       3
       2
       5
       3
       2
       3
       1
       2
       3
       6
       2
       4
       3
       2
       1
       4
       7
       3
       2
       4
       4
       6
       2
       2
       3
       2
       1
       4
       4
       3
       2
       3
       4
       2
       2
       3
       5
       2
       5
       4
       8
       3
       0
       3
       2
       3
       5
       4
       5
       0
       6
       3
       3
       1
       4
       3
       3
       6
       3
       1
       7
       1
       0
       3
       2
       2
       5
       1
       4
       0
       2
       6
       7
       1
       6
       6
       3
       3
       3
       5
       2
       4
       5
       2
       5
       2
       5
       3
       1
       3
       3
       4
       5
       2
       5
       0
       3
       6
       2
       5
       4
       3
       8
       3
       2
       3
       6
       1
       0
       2
       6
       4
       2
       2
       5
       4
       2
       2
       3
       4
       1
       5
       6
       4
       1
       0
       4
       1
       1
       4
       2
       2
       7
       5
       2
       7
       1
       1
       0
       3
       4
       3
       3
       2
       2
       4
       4
       0
       3
       3
       5
       2
       5
       3
       2
       4
       2
       3
       3
       2
       2
       3
       1
       4
       3
       4
       4
       3
       4
       1
       2
       2
       2
       4
       4
       2
       4
       2
       3
       1
       3
       3
       2
       3
       2
       2
       4
       2
       1
       0
       3
       4
       1
       3
       3
       1
       2
       1
       2
       2
       1
       3
       2
       4
       1
       2
       2
       3
       2
       2
       2
       1
       2
       1
       6
       0
       2
       0
       2
       3
       5
       2
       4
       5
       0
       0
       1
       2
       2
       2
       0
       1
       3
       1
       0
       4
       4
       0
       1
       3
       1
       2
       3
       4
       2
       2
       0
       1
       3
       3
       4
       2
       1
       2
       5
       1
       0
       1
       2
       2
       4
       1
       2
       0
       0
       2
       0
       4
       4
       0
       2
       0
       3
       0
       1
       3
       2
       2
       1
       1
       8
       2
       1
       1
       1
       3
       7
       1
       4
       3
       1
       3
       1
       3
       2
       1
       3
       2
       1
       4
       2
       1
       1
       3
       3
       1
       2
       1
       0
       0
       1
       2
       3
       2
       3
       3
       3
       2
       3
       4
       2
       2
       0
       1
       1
       3
       4
       2
       1
       0
       2
       1
       1
       1
       0
       3
       3
       1
       3
       7
       2
       4
       4
       1
       2
       2
       3
       1
       2
       1
       5
       3
       3
       4
       0
       0
       2
       2
       5
       5
       1
       0
       2
       3
       1
       2
       5
       4
       2
       2
       1
       3
       2
       1
       2
       0
       4
       0
       1
       4
       0
       2
       3
       0
       2
       4
       1
       1
       4
       2
       2
       4
       3
       4
       5
       0
       2
       8
       4
       2
       2
       2
       2
       3
       1
       2
       3
       4
       2
       3
       6
       3
       3
       2
       3
       1
       5
       2
       2
       2
       3
       1
       2
       1
       1
       3
       6
       2
       1
       0
       1
       2
       1
       3
       2
       5
       0
       2
       2
       1
       1
       2
       3
       2
       1
       2
       2
       1
       1
       2
       2
       1
       1
       1
       1
       2
       1
       2
       1
       4
       2
       0
       1
       2
       2
       2
       4
       1
       2
       1
       2
       3
       1
       1
       3
       4
       2
       3
       1
       2
       2
       2
       1
       3
       1
       0
       2
       1
       3
       4
       3
       4
       1
       5
       4
       3
       0
       3
       0
       0
       0
       1
       1
       2
       1
       3
       1
       2
       1
       0
       0
       2
       2
       6
       3
       1
       0
       3
       1
       0
       0
       1
       2
       2
       6
       2
       0
       2
       3
       2
       1
       1
       1
       0
       2
       1
       1
       4
       0
       1
       3
       5
       2
       0
       2
       2
       3
       2
       1
       0
       0
       3
       0
       1
       0
       0
       0
       2
       2
       1
       2
       1
       1
       0
       2
       2
       0
       1
       0
       1
       2
       2
       1
       3
       2
       0
       1
       1
       1
       1
       0
       1
       1
       2
       0
       2
       2
       4
       1
       1
       2
       0
       3
       1
       1
       2
       3
       0
       2
       1
       0
       0
       1
       0
       1
       1
       0
       3
       2
       0
       2
       1
       0
       0
       1
       2
       1
       0
       1
       4
       1
       0
       1
       0
       3
       0
       1
       0
       1
       1
       1
       0
       0
       0
       2
       0
       2
       0
       0
       0
       0
       0
       0
       1
       1
       0
       0
       1
       1
       1
       0
       0
       1
       0
       2
       0
       1
       1
       2
       1
       1
       2
       0
       0
       1
       2
       2
       0
       2
       0
       0
       2
       1
       1
       2
       1
       2
       1
       1
       1
       1
       0
       1
       0
       0
       0
       2
       1
       0
       0
       1
       0
       1
       0
       1
       2
       0
       1
       0
       0
       0
       2
       4
       0
       3
       1
       1
       0
       1
       1
       2
       1
       2
       0
       2
       0
       5
       0
       1
       2
       1
       3
       3
       3
       0
       1
       3
       0
       0
       1
       3
       3
       2
       2
       0
       1
       0
       3
       2
       1
       1
       2
       1
       1
       0
       0
       0
       0
       1
       0
       1
       2
       1
       3
       1
       2
       2
       3
       4
       2
       1
       0
       3
       4
       2
       0
       2
       1
       3
       1
       3
       2
       4
       3
       3
       2
       1
       2
       2
       3
       7
       3
       3
       4
       4
       8
       3
       4
       3
       5
       5
       4
       2
       1
       1
       8
       5
       3
       4
       1
       8
       4
       2
       3
       3
       5
       6
       4
       4
       3
       5
       2
       3
       7
      10
       2
       3
       3
       2
       1
       4
       1
       2
       4
       1
       3
       2
       4
       1
       4
       2
       2
       1
       2
       4
       3
       0
       0
       0
       0
       0
       0
       0
       0
       0
       0
       0
       0
       0
       0
       0
       0
       0
       0
       0
       0
       0
       0
       0
       0
       0
       0
       0
       0
       0
       0
       0
       0
