ACQUISITION INFORMATION

Detector ID:  1
Detector description:
LAB4D1 Easy-MCA-2k SN 18162513
Sample description:

Real Time:  299.999993
Live Time:  297.999993
Acquisition start date:  06Nov2019
Acquisition start time:  09:40:59
Starting channel number:   0
Number of channels:   2048


CALIBRATION INFORMATION

ENERGY CALIBRATION
Units:
Energy Fit:  0.000000E+000  1.000000E+000  0.000000E+000
FWHM Fit:  1.000000E+000  0.000000E+000  0.000000E+000
Efficiency Terms:  0.000000  0.000000  0.000000  0.000000  0.000000
  0.000000  0.000000  0.000000  0.000000  0.000000


SPECTRUM
     0:          0          0          0          0          0
     5:          0          0          0          0        380
    10:       4461       3858        993         75         67
    15:         56         69         65         59         54
    20:         49         53         57         70         52
    25:         68         71         78         40         71
    30:         83         62         86         93         82
    35:        111         88         94        112        124
    40:        137        115        131        150        136
    45:        150        142        159        158        208
    50:        166        179        182        207        212
    55:        162        156        163        137        149
    60:        139        118        123        111         92
    65:         82         80        100         95        100
    70:         94        102        113        102        103
    75:        104        105        111        120        110
    80:        100        124        108        135        120
    85:        113        118        129        128        132
    90:        124        149        156        136        163
    95:        142        143        159        140        162
   100:        171        161        180        173        161
   105:        183        168        172        178        196
   110:        180        184        182        175        206
   115:        198        198        191        162        169
   120:        177        223        196        188        178
   125:        202        186        233        203        222
   130:        206        193        229        190        214
   135:        201        204        188        174        205
   140:        180        174        189        204        188
   145:        217        210        191        220        168
   150:        191        186        170        175        196
   155:        189        201        213        211        190
   160:        200        222        196        194        208
   165:        176        222        211        174        206
   170:        189        181        234        200        178
   175:        187        186        180        202        196
   180:        181        194        206        184        237
   185:        221        194        192        187        182
   190:        204        196        215        185        179
   195:        214        168        214        170        206
   200:        174        183        183        213        175
   205:        171        218        188        194        219
   210:        158        179        190        173        168
   215:        172        184        157        177        174
   220:        163        161        168        173        190
   225:        163        174        167        183        170
   230:        176        188        163        174        181
   235:        161        152        176        163        170
   240:        172        167        178        163        165
   245:        173        190        144        147        166
   250:        157        159        181        185        167
   255:        155        173        175        187        154
   260:        169        150        184        181        172
   265:        192        178        160        164        188
   270:        199        185        167        167        172
   275:        161        173        173        166        178
   280:        165        205        183        180        181
   285:        153        170        167        174        181
   290:        144        168        141        175        144
   295:        152        149        157        144        130
   300:        150        130        155        149        165
   305:        154        126        151        146        157
   310:        132        139        150        147        144
   315:        146        126        148        124        157
   320:        153        146        129        143        137
   325:        131        139        128        132        140
   330:        122        122        124        111        122
   335:        127        126        134        114        107
   340:        122        134        133        114        140
   345:        142        126        122        127        106
   350:        115        142        135        121        145
   355:        122        112        115        132        105
   360:        107        110        117        127        110
   365:        111        121        100        110        100
   370:        101        102        101         98         84
   375:        107        102         98        104         88
   380:         79        108        113         95        112
   385:         90         85         99         97         94
   390:        102         85        104        104         84
   395:         84         93         92         91        108
   400:         88         85        104         88         94
   405:        100         80         84         86         83
   410:         79         95         82         75         84
   415:         77         90         94         93         72
   420:         81        100         78         91         93
   425:         84         80         82         82         63
   430:        101         80         76         74         82
   435:         91         96         67         92         75
   440:         91         83         86         81         84
   445:         80         67         72         65         75
   450:         72         68         87         67         78
   455:         75         76         68         68         81
   460:         76         70         70         61         70
   465:         77         82         69         67         86
   470:         70         92         94         68         66
   475:         66         75         71         71         70
   480:         76         84         84         79         62
   485:         74         63         84         67         81
   490:         78         74         71         76         76
   495:         73         85         81         89         68
   500:         69         63         56         68         63
   505:         76         72         67         59         73
   510:         77         65         83         54         59
   515:         68         71         73         64         66
   520:         65         78         63         59         83
   525:         70         65         62         59         59
   530:         64         67         67         73         64
   535:         64         57         66         60         61
   540:         46         52         41         64         58
   545:         41         60         60         64         55
   550:         72         49         73         44         54
   555:         63         53         67         67         68
   560:         59         59         64         55         54
   565:         61         52         54         49         53
   570:         62         53         46         49         48
   575:         58         61         60         50         68
   580:         50         52         49         48         53
   585:         49         37         59         68         65
   590:         50         45         66         59         55
   595:         51         51         52         61         40
   600:         54         51         52         62         59
   605:         63         52         50         52         45
   610:         54         60         63         43         56
   615:         62         55         44         55         56
   620:         61         48         47         42         51
   625:         50         56         71         45         58
   630:         61         54         47         52         50
   635:         55         47         55         47         44
   640:         48         45         68         48         57
   645:         51         60         35         43         47
   650:         47         32         47         44         52
   655:         46         48         36         36         43
   660:         40         47         53         44         46
   665:         30         49         40         34         40
   670:         31         51         32         39         36
   675:         34         35         38         32         40
   680:         42         29         33         40         30
   685:         32         25         32         36         32
   690:         40         34         35         27         34
   695:         32         24         37         26         25
   700:         32         40         23         30         26
   705:         40         19         26         36         22
   710:         27         24         40         29         31
   715:         39         39         20         29         22
   720:         20         22         27         23         30
   725:         25         24         31         26         17
   730:         19         29         33         19         19
   735:         27         32         11         32         26
   740:         28         16         25         25         25
   745:         34         22         26         26         23
   750:         20         24         26         21         22
   755:         26         21         24         22         20
   760:         17         16         24         23         29
   765:         17         23         25         14         18
   770:         24         19         30         23         19
   775:         16         14         22         22         20
   780:         20         17         21         25         17
   785:         22         23         29         25         21
   790:         16         29         22         14         16
   795:         23         16         19         19         18
   800:         21         17         21         18         25
   805:         21         20         17         22         21
   810:         25         23         30         19         15
   815:         25         29         23         22         17
   820:         23         24         18         15         16
   825:         28         23         16         24         24
   830:         19         24         23         25         23
   835:         16         23         11         13         20
   840:         28         14         25         26         26
   845:         27         34         26         23         26
   850:         23         26         23         31         31
   855:         28         25         23         24         24
   860:         28         28         28         33         28
   865:         36         32         31         31         26
   870:         38         44         46         41         42
   875:         37         57         46         57         55
   880:         43         54         53         49         51
   885:         72         54         68         91         59
   890:         60         71         98         83         89
   895:         85         85         86        105        103
   900:        113        132        125        120        138
   905:        136        110        136        149        145
   910:        160        163        163        160        152
   915:        199        158        136        193        185
   920:        189        166        200        179        196
   925:        194        182        245        216        195
   930:        221        215        220        234        198
   935:        215        198        214        221        205
   940:        207        211        186        188        211
   945:        179        189        205        190        191
   950:        179        172        146        185        171
   955:        143        149        150        139        125
   960:        156        112        123        120        127
   965:        103        119         95         97        105
   970:        115         80         80         76         75
   975:         68         73         68         66         63
   980:         35         52         52         30         47
   985:         35         29         41         35         34
   990:         38         19         18         21         14
   995:         16         15         16         21          5
  1000:         18         11         13         10         16
  1005:          5          6          5          7          8
  1010:          6          5          4          6          7
  1015:          3          3          7          3          0
  1020:          5          7         10          4          6
  1025:          4          6          2          5          3
  1030:          6          5          4          5          3
  1035:          5          7          3          7          6
  1040:          5          6          6          7          4
  1045:          3          2          4          4          5
  1050:          3          6          2          4          2
  1055:          3          4          3          4          5
  1060:          6          6          2          5          2
  1065:          4          4          1          2          3
  1070:          3          5          2          6          5
  1075:          8          5          5          2          3
  1080:          4          4          3          3          2
  1085:          6          6          4          3          5
  1090:          4          5          6          1          1
  1095:          4          3          5          2          3
  1100:          3          5          8          3          2
  1105:          0          0          2          2          2
  1110:          4          4          1          3          2
  1115:          4          2          3          6          1
  1120:          1          4          6          4          3
  1125:          4          4          3          3          1
  1130:          2          1          3          1          4
  1135:          4          2          4          3          7
  1140:          5          5          6          3          4
  1145:          2          2          6          5          4
  1150:          0          3          2          4          4
  1155:          3          2          1          7          1
  1160:          3          4          2          3          1
  1165:          3          5          1          2          4
  1170:          4          4          9          8          5
  1175:          0          3          2          4          1
  1180:          2          3          6          4          6
  1185:          1          2          4          2          4
  1190:          4          3          2          4          2
  1195:          4          2          1          4          4
  1200:          3          5          2          4          2
  1205:          3          5          5          2          9
  1210:          6          4          2          2          5
  1215:          1          2          5          5          2
  1220:          6          6          5          2          5
  1225:          5          3          1          1          1
  1230:          3          4          3          3          4
  1235:          3          1          2          2          2
  1240:          2          2          3          1          8
  1245:          5          2          5          1          1
  1250:          1          6          5          3          2
  1255:          3          2          6          5          3
  1260:          1          3          3          6          4
  1265:          2          3          8          2          2
  1270:          4          5          1          1          4
  1275:          4          1          3          3          3
  1280:          6          3          4          3          2
  1285:          4          1          3          2          4
  1290:          1          1          3          3          4
  1295:          5          6          2          5          3
  1300:          6          9          5          5          3
  1305:          5          3          6          2          4
  1310:          3          5          6          3          3
  1315:          2          7          4          3          3
  1320:          5          3          1          4          4
  1325:          3          0          3          4          2
  1330:          4          3          5          3          4
  1335:          5          3          1          3          5
  1340:          5          2          1          4          2
  1345:          5          1          5          2          3
  1350:          6          6          4          2          1
  1355:          0          3          4          5          5
  1360:          2          0          3          2          2
  1365:          4          4          2          4          2
  1370:          2          2          3          2          3
  1375:          3          3          1          5          3
  1380:          4          2          5          1          4
  1385:          4          1          2          1          5
  1390:          1          2          1          0          2
  1395:          3          1          1          4          0
  1400:          3          2          2          3          1
  1405:          3          1          2          1          2
  1410:          2          7          2          2          1
  1415:          2          6          3          2          6
  1420:          3          3          0          0          3
  1425:          3          3          2          0          2
  1430:          1          3          0          1          1
  1435:          3          1          0          4          3
  1440:          1          1          0          3          2
  1445:          1          0          1          0          3
  1450:          1          0          1          2          3
  1455:          0          2          0          3          1
  1460:          3          2          1          1          2
  1465:          2          0          2          1          2
  1470:          3          3          2          3          2
  1475:          1          2          2          3          1
  1480:          3          3          0          2          1
  1485:          1          0          3          1          2
  1490:          0          6          3          1          4
  1495:          3          5          3          2          2
  1500:          3          3          0          4          1
  1505:          2          2          3          1          2
  1510:          1          2          1          2          2
  1515:          0          3          2          3          2
  1520:          6          4          1          3          2
  1525:          2          0          2          5          2
  1530:          4          3          2          1          3
  1535:          3          2          1          3          2
  1540:          1          2          3          3          5
  1545:          5          3          2          3          4
  1550:          2          1          2          3          4
  1555:          0          2          2          6          2
  1560:          3          1          2          2          2
  1565:          3          2          3          2          6
  1570:          4          2          0          1          4
  1575:          1          2          3          4          2
  1580:          3          2          2          1          2
  1585:          2          1          0          5          3
  1590:          3          1          4          5          2
  1595:          0          4          0          2          2
  1600:          3          2          4          2          3
  1605:          0          2          1          1          1
  1610:          3          2          2          0          5
  1615:          3          2          1          2          6
  1620:          4          5          1          0          1
  1625:          2          0          2          2          3
  1630:          0          3          1          1          2
  1635:          2          2          2          2          1
  1640:          1          3          1          1          2
  1645:          0          2          2          3          2
  1650:          1          0          3          2          1
  1655:          7          4          3          0          3
  1660:          0          0          2          1          1
  1665:          2          0          0          1          1
  1670:          2          0          0          1          5
  1675:          2          0          6          3          1
  1680:          1          1          3          1          3
  1685:          4          2          1          3          0
  1690:          3          0          3          2          1
  1695:          2          1          2          1          1
  1700:          0          2          0          2          0
  1705:          2          0          2          1          1
  1710:          2          3          3          2          2
  1715:          2          4          1          2          2
  1720:          1          1          3          2          0
  1725:          3          2          0          2          0
  1730:          1          1          0          0          2
  1735:          1          2          1          0          0
  1740:          0          1          4          2          3
  1745:          1          1          1          1          3
  1750:          4          1          2          1          3
  1755:          1          1          1          1          0
  1760:          2          1          2          0          2
  1765:          0          1          1          2          1
  1770:          0          1          2          5          2
  1775:          1          4          2          1          1
  1780:          1          1          0          0          1
  1785:          0          0          1          1          1
  1790:          1          0          2          2          0
  1795:          0          1          2          2          0
  1800:          1          4          0          0          2
  1805:          0          2          1          0          1
  1810:          0          0          0          0          1
  1815:          2          0          2          1          2
  1820:          1          0          3          1          2
  1825:          1          0          1          2          0
  1830:          1          1          0          1          0
  1835:          0          1          1          2          2
  1840:          1          0          1          2          3
  1845:          3          0          1          0          2
  1850:          1          3          3          1          1
  1855:          0          4          0          1          1
  1860:          1          0          2          1          1
  1865:          0          0          1          2          1
  1870:          1          0          1          0          1
  1875:          0          1          2          0          0
  1880:          0          0          0          3          2
  1885:          0          1          0          1          1
  1890:          3          0          4          0          0
  1895:          0          2          2          3          2
  1900:          1          0          2          3          4
  1905:          0          0          3          2          2
  1910:          3          1          1          2          2
  1915:          0          1          2          0          3
  1920:          1          2          1          1          1
  1925:          3          0          0          1          3
  1930:          0          0          0          0          2
  1935:          2          0          1          1          4
  1940:          4          2          2          1          3
  1945:          1          1          2          1          2
  1950:          1          3          1          4          0
  1955:          4          1          2          5          3
  1960:          4          3          2          4          4
  1965:          0          2          2          1          4
  1970:          4          1          3          2          2
  1975:          2          3          3          4          3
  1980:          3          5          4          4          3
  1985:          2          5          6          6          3
  1990:          4          6          5          4          2
  1995:          1          4         11          3          3
  2000:          2          6          3          5          1
  2005:          6          8          7          2          6
  2010:          2          4          4          1          0
  2015:          3          0          0          0          0
  2020:          0          0          0          0          0
  2025:          0          0          0          0          0
  2030:          0          0          0          0          0
  2035:          0          0          0          0          0
  2040:          0          0          0          0          0
  2045:          0          0          0
