$SPEC_ID:
No sample description was entered.
$SPEC_REM:
DET# 1
DETDESC# LAB4D1 Easy-MCA-2k SN 18162513
AP# Maestro Version 7.01
$DATE_MEA:
11/05/2019 17:09:26
$MEAS_TIM:
877 880
$DATA:
0 2047
       0
       0
     176
      58
      32
      32
      37
      47
      35
     519
    8185
    7750
    1670
      92
      69
      91
      71
      77
      65
      64
      66
      71
      84
      85
      97
      81
      77
      85
      75
      94
      94
      99
      95
     101
      82
      77
     107
      78
     130
     107
     120
     116
     113
     108
     113
     107
     140
     121
     117
     116
     127
     123
     160
     107
     130
     147
     117
     134
     133
     148
     152
     109
     136
     144
     156
     168
     194
     147
     192
     171
     178
     200
     177
     212
     202
     209
     213
     193
     236
     210
     221
     257
     232
     249
     262
     229
     248
     271
     282
     293
     296
     251
     293
     314
     328
     320
     303
     302
     318
     326
     353
     367
     348
     370
     391
     371
     387
     363
     365
     386
     419
     341
     410
     387
     399
     367
     408
     383
     437
     374
     408
     420
     396
     407
     401
     425
     404
     423
     377
     393
     392
     429
     393
     383
     413
     422
     409
     453
     371
     415
     407
     376
     431
     394
     406
     416
     385
     397
     394
     386
     425
     402
     397
     376
     406
     382
     419
     414
     386
     362
     390
     365
     391
     398
     394
     350
     338
     389
     376
     392
     366
     375
     388
     361
     374
     376
     330
     392
     404
     354
     375
     343
     367
     353
     348
     375
     333
     326
     321
     326
     322
     321
     321
     357
     336
     325
     321
     363
     336
     309
     298
     347
     324
     320
     288
     311
     318
     322
     317
     316
     303
     255
     307
     323
     289
     296
     341
     284
     316
     310
     285
     301
     310
     296
     285
     302
     265
     303
     269
     284
     291
     263
     296
     278
     289
     239
     240
     260
     280
     286
     238
     283
     253
     268
     231
     247
     252
     268
     232
     245
     228
     217
     256
     251
     259
     242
     246
     236
     225
     270
     241
     258
     253
     250
     240
     218
     215
     257
     221
     204
     231
     226
     224
     234
     242
     212
     218
     234
     243
     207
     215
     213
     204
     197
     204
     205
     202
     213
     229
     213
     190
     205
     220
     198
     175
     215
     220
     187
     194
     193
     226
     199
     178
     180
     190
     179
     198
     178
     172
     155
     181
     190
     193
     167
     203
     183
     192
     175
     154
     172
     155
     156
     183
     158
     163
     156
     177
     176
     190
     176
     164
     164
     187
     189
     165
     170
     168
     158
     183
     172
     188
     164
     155
     184
     168
     159
     162
     158
     157
     161
     166
     147
     130
     175
     143
     150
     140
     148
     151
     134
     129
     117
     135
     135
     141
     134
     128
     135
     143
     132
     103
     127
     113
     104
     109
     127
     131
     118
     122
     128
      99
     132
     103
      94
     121
     118
     125
     105
     128
      86
      95
     113
     108
     121
     117
      84
     130
     101
     101
      96
     105
     104
      93
     100
      96
      91
      73
      98
      94
     105
     118
     106
      91
     104
     111
     107
     111
     101
      93
      93
     105
      93
      96
      99
      92
      93
     113
      93
      90
      74
      84
      96
      88
      82
      85
      85
      89
      79
      92
      89
      81
      80
      75
      82
      90
      92
      77
      99
      58
      70
      71
      84
      69
      70
      72
      69
      79
      91
      62
      68
      78
      81
      77
     102
      84
      65
      70
      71
      67
      66
      75
      88
      69
      60
      63
      63
      78
      67
      66
      65
      61
      71
      81
      77
      79
      60
      89
      70
      58
      62
      66
      68
      67
      73
      76
      64
      67
      71
      61
      82
      77
      69
      72
      68
      53
      68
      54
      67
      57
      60
      57
      65
      71
      64
      52
      77
      61
      58
      50
      64
      70
      71
      44
      51
      50
      56
      50
      58
      44
      53
      36
      50
      29
      49
      51
      64
      54
      35
      40
      37
      56
      46
      48
      39
      39
      35
      49
      41
      39
      41
      45
      37
      42
      44
      48
      49
      43
      47
      44
      43
      39
      37
      45
      33
      42
      57
      44
      41
      50
      49
      45
      36
      43
      28
      45
      35
      36
      28
      32
      39
      33
      33
      36
      40
      46
      38
      42
      40
      35
      51
      43
      42
      35
      32
      41
      37
      36
      31
      32
      28
      36
      28
      30
      24
      44
      26
      39
      43
      30
      34
      32
      39
      37
      37
      37
      41
      29
      34
      35
      36
      41
      30
      29
      27
      32
      33
      39
      33
      29
      32
      35
      38
      28
      28
      37
      33
      36
      49
      31
      30
      35
      24
      40
      34
      27
      31
      33
      27
      20
      35
      26
      32
      31
      34
      24
      25
      31
      35
      32
      25
      24
      42
      19
      37
      28
      27
      28
      34
      33
      34
      29
      35
      42
      30
      30
      36
      28
      46
      30
      42
      51
      40
      43
      40
      44
      43
      54
      42
      36
      54
      51
      49
      63
      53
      47
      57
      67
      41
      54
      56
      63
      50
      46
      59
      59
      58
      59
      44
      71
      69
      72
      71
      66
      51
      69
      66
      57
      73
      57
      67
      68
      72
      82
      70
      75
      68
      75
      50
      56
      53
      70
      70
      68
      62
      59
      72
      70
      61
      44
      70
      43
      61
      63
      65
      51
      56
      47
      37
      47
      42
      44
      47
      55
      39
      35
      35
      33
      37
      33
      31
      33
      41
      36
      33
      40
      28
      25
      40
      22
      21
      34
      30
      27
      23
      34
      18
      25
      26
      27
      20
      22
      31
      17
      23
      28
      26
      16
      33
      19
      19
      19
      23
      23
      30
      17
      17
      27
      27
      15
      23
      14
      21
      30
      25
      18
      29
      19
      23
      21
      26
      16
      23
      22
      23
      24
      25
      32
      28
      24
      22
      28
      24
      23
      32
      21
      29
      22
      25
      27
      24
      27
      26
      39
      26
      21
      26
      25
      26
      24
      25
      28
      29
      29
      43
      26
      34
      25
      21
      27
      26
      23
      20
      23
      33
      24
      26
      29
      20
      29
      18
      23
      28
      20
      17
      24
      34
      21
      34
      18
      29
      29
      21
      19
      20
      33
      25
      25
      18
      24
      15
      30
      24
      25
      11
      23
      19
      19
      12
      23
      11
      21
      17
      24
      13
      19
      23
      22
      15
      24
      20
      16
      21
      16
      17
      16
      19
      17
      14
      21
      17
      28
      19
      19
      19
       9
      20
      12
      11
      20
       8
      19
      19
      19
      18
      13
      14
      17
      15
      13
      23
       9
       9
      19
      10
      23
      17
      14
      10
      15
      16
      14
      10
      11
      16
      18
      17
      20
      16
      19
      13
       9
      12
      11
      13
      16
       7
      10
      15
      16
      12
      17
      12
      21
      11
      21
      14
      11
      14
       8
      13
      12
      13
      15
      14
       7
      19
      16
       9
      11
      12
      19
      13
      19
      18
      16
      11
       8
      10
       8
       9
      18
      10
      14
      10
      15
      11
      16
      13
      10
       9
      11
      20
       9
      14
      15
      14
      15
      15
      12
      11
      13
       8
      17
       6
       9
      10
      19
      19
       7
      13
      10
      20
       9
       8
      13
      14
       9
      10
       9
      15
      16
      15
      11
      13
      17
       6
      12
      14
      14
      12
      10
       8
      14
       7
      13
       8
      13
       9
      13
      13
       9
      13
      13
       6
       8
       9
      12
      13
      17
       9
      14
      10
      10
      10
      12
      13
       7
       8
      12
       6
      13
      12
      13
      10
      10
      10
      10
      13
      12
       8
      24
      10
      12
      10
      10
       6
      13
       7
      19
      10
      13
      14
       9
       8
      12
      12
      12
       7
      15
      12
      13
      14
      14
      22
      10
       8
      15
      16
       4
      11
       8
      12
       8
      11
      14
      10
      11
      10
       9
       8
      10
       7
      14
       8
       8
      16
      11
      15
      17
      16
       9
      13
      11
      11
      10
       8
       7
      18
      11
       2
      15
       9
      10
      13
      11
      14
      13
      13
      11
       7
      12
       9
       9
      11
      14
      10
       5
       8
      10
       6
       8
      12
      18
      10
       9
       9
      15
      11
       7
      16
       9
      13
      11
       7
       8
       2
       7
      12
       5
       9
      10
      11
       7
      14
      11
       7
       4
       9
       9
       9
      12
       7
       6
       7
       8
       8
      11
       9
       8
       9
      13
      12
      10
      12
      11
       8
       9
       5
       7
      14
      10
       8
      19
       9
       4
      14
       6
      10
      15
       6
      10
       8
      11
      14
      16
      10
      13
       7
      12
      14
      10
       9
      14
      10
       9
      10
       7
       5
      12
       8
      13
       7
      12
      12
       8
       9
      16
       9
      12
       9
       4
      13
      17
      14
       8
       8
      11
      11
      16
       9
      10
      17
      13
      13
       8
      15
      11
      21
      14
      18
       7
      20
      14
      20
      10
       8
       9
      14
      14
      18
       6
      16
      13
      13
      10
      10
      14
       4
       8
      10
      12
      15
       7
       5
      11
       9
      12
       9
       6
      11
      11
      18
       8
       7
       5
       5
       9
       6
      14
      14
      14
       6
      13
       5
       6
       8
       9
      10
       7
      11
      16
       9
      15
      11
       8
       7
      10
      13
      13
      17
      10
       9
       9
       8
      14
      10
       9
       9
      10
       8
       8
       9
      10
       9
      18
      12
      12
      15
       6
      11
      10
      10
       9
       9
       6
      14
      14
       6
      11
      21
      10
      13
       9
      12
       6
      10
       6
       8
       8
      10
       8
       9
       6
      17
      12
       4
       5
       7
       9
       7
       6
      12
       8
       9
       9
      11
       7
       7
      12
       7
      14
       8
       5
       3
      13
       6
       6
       7
      10
       6
       6
       6
       9
       8
       8
      13
       7
       4
       7
       6
      10
      11
      10
       8
      11
       8
       7
      14
       8
      12
       3
       6
       6
       3
       2
      11
      12
      10
       8
       6
       4
       6
       5
      10
       6
       4
      12
       8
       5
       7
       7
       7
       7
       6
       8
       5
      11
       2
      11
       6
       7
       4
       4
       6
       5
      10
       4
       7
       7
       5
      11
       6
       7
       8
      10
       5
       4
       8
       7
       6
       6
       4
       4
       7
       7
       9
       7
       1
       6
       3
       6
       6
       8
       4
       4
      10
       4
       6
       9
       9
       8
      12
       5
       4
       2
       9
       6
       5
      10
       8
       6
       3
       6
       8
      11
       5
       2
       9
       7
       9
       5
       5
       7
      10
      13
      11
       7
       8
       7
       9
       7
      10
       9
       9
       6
       9
       8
       6
       6
       9
       5
       9
       6
       5
      10
       7
      12
      13
       5
       6
       3
       8
      10
       8
       2
       8
      10
       8
       5
       9
       3
       8
       9
       7
       9
       9
       4
       7
      10
      13
      14
       4
       6
       4
       7
       6
       7
       6
       7
       7
       9
       3
       4
       1
       3
       7
      10
       9
       6
       6
       9
       3
      10
       8
       6
       4
       9
      10
       7
       5
       5
       7
       5
       4
       6
       3
       6
       9
      11
       3
       5
      11
       6
       7
       4
       7
       6
       9
       6
       7
       7
       8
       6
       5
       6
       9
       9
       6
       6
       4
       6
       3
       7
       5
      10
       9
       3
       2
       5
       5
       3
      10
       5
       9
       4
      15
       6
       6
      11
       7
       6
       6
       3
       2
       9
       6
       7
       4
       3
       3
       5
       7
       5
       3
       5
       6
       7
      13
       2
      10
       6
      11
       4
       4
       2
       8
       2
       3
       3
       8
       4
       4
       8
       3
       7
       4
       5
       7
       8
       8
       8
      10
       7
       4
       4
       5
       8
      11
       3
      10
       3
       5
      10
       6
       6
       7
       5
       7
       8
       6
      12
       4
       3
       4
       7
       6
       6
       6
       6
      10
       9
      13
       6
       7
       4
      13
      11
      10
       8
      14
       7
      13
       7
       5
       8
       8
       9
       9
       4
      10
       9
       8
       7
      11
       8
       6
      10
       8
      10
       7
      12
       6
       7
      10
      12
       7
       7
       4
       8
       6
      13
       8
      18
       9
      10
       7
      10
      13
       8
       6
      10
       2
       8
       9
       6
       5
       9
       6
      10
       4
       7
       6
       7
       5
       6
      10
       7
       8
       5
       4
       8
       4
       6
       3
      10
       6
       8
       2
       6
       7
       4
       1
       6
       6
       4
       4
      10
       5
       5
       7
       5
       3
       0
       6
       8
       2
       8
       0
       3
       5
       6
       7
       2
       4
       5
       4
       6
       3
       6
       3
       3
       3
       6
       4
       5
       8
       6
       3
       4
       2
       3
       3
       2
       2
       4
       2
       4
       3
       4
       3
       2
       1
       3
       3
       5
       6
       0
       1
       6
       4
       0
       2
       3
       5
       6
       6
       6
       2
       5
       5
       2
       1
       4
       4
       2
       5
       2
       4
       3
       3
       1
       2
       5
       1
       5
       3
       6
       3
       8
       1
       4
       3
       3
       3
       3
       2
       2
       3
       0
       2
       0
       1
       4
       4
       0
       3
       1
       4
       3
       6
       1
       4
       8
       2
       3
       2
       1
       5
       6
       2
       5
       2
       5
       4
       5
      10
       6
       6
       7
       8
       8
       6
       4
       3
       3
       1
       2
       3
       4
       4
       7
       6
       6
       4
       7
       2
       4
       7
       6
       9
      11
       9
      12
       6
       6
       7
      13
       6
      13
      10
      11
       7
       5
       9
      11
      11
      11
       9
       6
      11
      14
       8
      11
      13
       9
      12
      16
       8
      13
      12
      10
      10
       7
      14
      10
       7
      14
      13
      12
      15
      12
      13
      10
      11
       9
      18
      11
       9
       9
      18
      12
      16
      13
       8
      11
       7
      16
       7
       9
      13
       8
      16
      17
       2
       8
       9
      14
       9
       5
      12
       6
      11
      11
      12
      13
       7
       0
       0
       0
       0
       0
       0
       0
       0
       0
       0
       0
       0
       0
       0
       0
       0
       0
       0
       0
       0
       0
       0
       0
       0
       0
       0
       0
       0
       0
       0
       0
       0
$ROI:
0
$PRESETS:
None
0
0
$ENER_FIT:
0.000000 1.000000
$MCA_CAL:
3
0.000000E+000 1.000000E+000 0.000000E+000 keV
$SHAPE_CAL:
3
1.000000E+000 0.000000E+000 0.000000E+000
