ACQUISITION INFORMATION

Detector ID:  1
Detector description:
LAB4D1 Easy-MCA-2k SN 18162513
Sample description:

Real Time:  880.539980
Live Time:  877.239980
Acquisition start date:  05Nov2019
Acquisition start time:  17:09:26
Starting channel number:   0
Number of channels:   2048


CALIBRATION INFORMATION

ENERGY CALIBRATION
Units:
Energy Fit:  0.000000E+000  1.000000E+000  0.000000E+000
FWHM Fit:  1.000000E+000  0.000000E+000  0.000000E+000
Efficiency Terms:  0.000000  0.000000  0.000000  0.000000  0.000000
  0.000000  0.000000  0.000000  0.000000  0.000000


SPECTRUM
     0:          0          0        176         58         32
     5:         32         37         47         35        519
    10:       8185       7750       1670         92         69
    15:         91         71         77         65         64
    20:         66         71         84         85         97
    25:         81         77         85         75         94
    30:         94         99         95        101         82
    35:         77        107         78        130        107
    40:        120        116        113        108        113
    45:        107        140        121        117        116
    50:        127        123        160        107        130
    55:        147        117        134        133        148
    60:        152        109        136        144        156
    65:        168        194        147        192        171
    70:        178        200        177        212        202
    75:        209        213        193        236        210
    80:        221        257        232        249        262
    85:        229        248        271        282        293
    90:        296        251        293        314        328
    95:        320        303        302        318        326
   100:        353        367        348        370        391
   105:        371        387        363        365        386
   110:        419        341        410        387        399
   115:        367        408        383        437        374
   120:        408        420        396        407        401
   125:        425        404        423        377        393
   130:        392        429        393        383        413
   135:        422        409        453        371        415
   140:        407        376        431        394        406
   145:        416        385        397        394        386
   150:        425        402        397        376        406
   155:        382        419        414        386        362
   160:        390        365        391        398        394
   165:        350        338        389        376        392
   170:        366        375        388        361        374
   175:        376        330        392        404        354
   180:        375        343        367        353        348
   185:        375        333        326        321        326
   190:        322        321        321        357        336
   195:        325        321        363        336        309
   200:        298        347        324        320        288
   205:        311        318        322        317        316
   210:        303        255        307        323        289
   215:        296        341        284        316        310
   220:        285        301        310        296        285
   225:        302        265        303        269        284
   230:        291        263        296        278        289
   235:        239        240        260        280        286
   240:        238        283        253        268        231
   245:        247        252        268        232        245
   250:        228        217        256        251        259
   255:        242        246        236        225        270
   260:        241        258        253        250        240
   265:        218        215        257        221        204
   270:        231        226        224        234        242
   275:        212        218        234        243        207
   280:        215        213        204        197        204
   285:        205        202        213        229        213
   290:        190        205        220        198        175
   295:        215        220        187        194        193
   300:        226        199        178        180        190
   305:        179        198        178        172        155
   310:        181        190        193        167        203
   315:        183        192        175        154        172
   320:        155        156        183        158        163
   325:        156        177        176        190        176
   330:        164        164        187        189        165
   335:        170        168        158        183        172
   340:        188        164        155        184        168
   345:        159        162        158        157        161
   350:        166        147        130        175        143
   355:        150        140        148        151        134
   360:        129        117        135        135        141
   365:        134        128        135        143        132
   370:        103        127        113        104        109
   375:        127        131        118        122        128
   380:         99        132        103         94        121
   385:        118        125        105        128         86
   390:         95        113        108        121        117
   395:         84        130        101        101         96
   400:        105        104         93        100         96
   405:         91         73         98         94        105
   410:        118        106         91        104        111
   415:        107        111        101         93         93
   420:        105         93         96         99         92
   425:         93        113         93         90         74
   430:         84         96         88         82         85
   435:         85         89         79         92         89
   440:         81         80         75         82         90
   445:         92         77         99         58         70
   450:         71         84         69         70         72
   455:         69         79         91         62         68
   460:         78         81         77        102         84
   465:         65         70         71         67         66
   470:         75         88         69         60         63
   475:         63         78         67         66         65
   480:         61         71         81         77         79
   485:         60         89         70         58         62
   490:         66         68         67         73         76
   495:         64         67         71         61         82
   500:         77         69         72         68         53
   505:         68         54         67         57         60
   510:         57         65         71         64         52
   515:         77         61         58         50         64
   520:         70         71         44         51         50
   525:         56         50         58         44         53
   530:         36         50         29         49         51
   535:         64         54         35         40         37
   540:         56         46         48         39         39
   545:         35         49         41         39         41
   550:         45         37         42         44         48
   555:         49         43         47         44         43
   560:         39         37         45         33         42
   565:         57         44         41         50         49
   570:         45         36         43         28         45
   575:         35         36         28         32         39
   580:         33         33         36         40         46
   585:         38         42         40         35         51
   590:         43         42         35         32         41
   595:         37         36         31         32         28
   600:         36         28         30         24         44
   605:         26         39         43         30         34
   610:         32         39         37         37         37
   615:         41         29         34         35         36
   620:         41         30         29         27         32
   625:         33         39         33         29         32
   630:         35         38         28         28         37
   635:         33         36         49         31         30
   640:         35         24         40         34         27
   645:         31         33         27         20         35
   650:         26         32         31         34         24
   655:         25         31         35         32         25
   660:         24         42         19         37         28
   665:         27         28         34         33         34
   670:         29         35         42         30         30
   675:         36         28         46         30         42
   680:         51         40         43         40         44
   685:         43         54         42         36         54
   690:         51         49         63         53         47
   695:         57         67         41         54         56
   700:         63         50         46         59         59
   705:         58         59         44         71         69
   710:         72         71         66         51         69
   715:         66         57         73         57         67
   720:         68         72         82         70         75
   725:         68         75         50         56         53
   730:         70         70         68         62         59
   735:         72         70         61         44         70
   740:         43         61         63         65         51
   745:         56         47         37         47         42
   750:         44         47         55         39         35
   755:         35         33         37         33         31
   760:         33         41         36         33         40
   765:         28         25         40         22         21
   770:         34         30         27         23         34
   775:         18         25         26         27         20
   780:         22         31         17         23         28
   785:         26         16         33         19         19
   790:         19         23         23         30         17
   795:         17         27         27         15         23
   800:         14         21         30         25         18
   805:         29         19         23         21         26
   810:         16         23         22         23         24
   815:         25         32         28         24         22
   820:         28         24         23         32         21
   825:         29         22         25         27         24
   830:         27         26         39         26         21
   835:         26         25         26         24         25
   840:         28         29         29         43         26
   845:         34         25         21         27         26
   850:         23         20         23         33         24
   855:         26         29         20         29         18
   860:         23         28         20         17         24
   865:         34         21         34         18         29
   870:         29         21         19         20         33
   875:         25         25         18         24         15
   880:         30         24         25         11         23
   885:         19         19         12         23         11
   890:         21         17         24         13         19
   895:         23         22         15         24         20
   900:         16         21         16         17         16
   905:         19         17         14         21         17
   910:         28         19         19         19          9
   915:         20         12         11         20          8
   920:         19         19         19         18         13
   925:         14         17         15         13         23
   930:          9          9         19         10         23
   935:         17         14         10         15         16
   940:         14         10         11         16         18
   945:         17         20         16         19         13
   950:          9         12         11         13         16
   955:          7         10         15         16         12
   960:         17         12         21         11         21
   965:         14         11         14          8         13
   970:         12         13         15         14          7
   975:         19         16          9         11         12
   980:         19         13         19         18         16
   985:         11          8         10          8          9
   990:         18         10         14         10         15
   995:         11         16         13         10          9
  1000:         11         20          9         14         15
  1005:         14         15         15         12         11
  1010:         13          8         17          6          9
  1015:         10         19         19          7         13
  1020:         10         20          9          8         13
  1025:         14          9         10          9         15
  1030:         16         15         11         13         17
  1035:          6         12         14         14         12
  1040:         10          8         14          7         13
  1045:          8         13          9         13         13
  1050:          9         13         13          6          8
  1055:          9         12         13         17          9
  1060:         14         10         10         10         12
  1065:         13          7          8         12          6
  1070:         13         12         13         10         10
  1075:         10         10         13         12          8
  1080:         24         10         12         10         10
  1085:          6         13          7         19         10
  1090:         13         14          9          8         12
  1095:         12         12          7         15         12
  1100:         13         14         14         22         10
  1105:          8         15         16          4         11
  1110:          8         12          8         11         14
  1115:         10         11         10          9          8
  1120:         10          7         14          8          8
  1125:         16         11         15         17         16
  1130:          9         13         11         11         10
  1135:          8          7         18         11          2
  1140:         15          9         10         13         11
  1145:         14         13         13         11          7
  1150:         12          9          9         11         14
  1155:         10          5          8         10          6
  1160:          8         12         18         10          9
  1165:          9         15         11          7         16
  1170:          9         13         11          7          8
  1175:          2          7         12          5          9
  1180:         10         11          7         14         11
  1185:          7          4          9          9          9
  1190:         12          7          6          7          8
  1195:          8         11          9          8          9
  1200:         13         12         10         12         11
  1205:          8          9          5          7         14
  1210:         10          8         19          9          4
  1215:         14          6         10         15          6
  1220:         10          8         11         14         16
  1225:         10         13          7         12         14
  1230:         10          9         14         10          9
  1235:         10          7          5         12          8
  1240:         13          7         12         12          8
  1245:          9         16          9         12          9
  1250:          4         13         17         14          8
  1255:          8         11         11         16          9
  1260:         10         17         13         13          8
  1265:         15         11         21         14         18
  1270:          7         20         14         20         10
  1275:          8          9         14         14         18
  1280:          6         16         13         13         10
  1285:         10         14          4          8         10
  1290:         12         15          7          5         11
  1295:          9         12          9          6         11
  1300:         11         18          8          7          5
  1305:          5          9          6         14         14
  1310:         14          6         13          5          6
  1315:          8          9         10          7         11
  1320:         16          9         15         11          8
  1325:          7         10         13         13         17
  1330:         10          9          9          8         14
  1335:         10          9          9         10          8
  1340:          8          9         10          9         18
  1345:         12         12         15          6         11
  1350:         10         10          9          9          6
  1355:         14         14          6         11         21
  1360:         10         13          9         12          6
  1365:         10          6          8          8         10
  1370:          8          9          6         17         12
  1375:          4          5          7          9          7
  1380:          6         12          8          9          9
  1385:         11          7          7         12          7
  1390:         14          8          5          3         13
  1395:          6          6          7         10          6
  1400:          6          6          9          8          8
  1405:         13          7          4          7          6
  1410:         10         11         10          8         11
  1415:          8          7         14          8         12
  1420:          3          6          6          3          2
  1425:         11         12         10          8          6
  1430:          4          6          5         10          6
  1435:          4         12          8          5          7
  1440:          7          7          7          6          8
  1445:          5         11          2         11          6
  1450:          7          4          4          6          5
  1455:         10          4          7          7          5
  1460:         11          6          7          8         10
  1465:          5          4          8          7          6
  1470:          6          4          4          7          7
  1475:          9          7          1          6          3
  1480:          6          6          8          4          4
  1485:         10          4          6          9          9
  1490:          8         12          5          4          2
  1495:          9          6          5         10          8
  1500:          6          3          6          8         11
  1505:          5          2          9          7          9
  1510:          5          5          7         10         13
  1515:         11          7          8          7          9
  1520:          7         10          9          9          6
  1525:          9          8          6          6          9
  1530:          5          9          6          5         10
  1535:          7         12         13          5          6
  1540:          3          8         10          8          2
  1545:          8         10          8          5          9
  1550:          3          8          9          7          9
  1555:          9          4          7         10         13
  1560:         14          4          6          4          7
  1565:          6          7          6          7          7
  1570:          9          3          4          1          3
  1575:          7         10          9          6          6
  1580:          9          3         10          8          6
  1585:          4          9         10          7          5
  1590:          5          7          5          4          6
  1595:          3          6          9         11          3
  1600:          5         11          6          7          4
  1605:          7          6          9          6          7
  1610:          7          8          6          5          6
  1615:          9          9          6          6          4
  1620:          6          3          7          5         10
  1625:          9          3          2          5          5
  1630:          3         10          5          9          4
  1635:         15          6          6         11          7
  1640:          6          6          3          2          9
  1645:          6          7          4          3          3
  1650:          5          7          5          3          5
  1655:          6          7         13          2         10
  1660:          6         11          4          4          2
  1665:          8          2          3          3          8
  1670:          4          4          8          3          7
  1675:          4          5          7          8          8
  1680:          8         10          7          4          4
  1685:          5          8         11          3         10
  1690:          3          5         10          6          6
  1695:          7          5          7          8          6
  1700:         12          4          3          4          7
  1705:          6          6          6          6         10
  1710:          9         13          6          7          4
  1715:         13         11         10          8         14
  1720:          7         13          7          5          8
  1725:          8          9          9          4         10
  1730:          9          8          7         11          8
  1735:          6         10          8         10          7
  1740:         12          6          7         10         12
  1745:          7          7          4          8          6
  1750:         13          8         18          9         10
  1755:          7         10         13          8          6
  1760:         10          2          8          9          6
  1765:          5          9          6         10          4
  1770:          7          6          7          5          6
  1775:         10          7          8          5          4
  1780:          8          4          6          3         10
  1785:          6          8          2          6          7
  1790:          4          1          6          6          4
  1795:          4         10          5          5          7
  1800:          5          3          0          6          8
  1805:          2          8          0          3          5
  1810:          6          7          2          4          5
  1815:          4          6          3          6          3
  1820:          3          3          6          4          5
  1825:          8          6          3          4          2
  1830:          3          3          2          2          4
  1835:          2          4          3          4          3
  1840:          2          1          3          3          5
  1845:          6          0          1          6          4
  1850:          0          2          3          5          6
  1855:          6          6          2          5          5
  1860:          2          1          4          4          2
  1865:          5          2          4          3          3
  1870:          1          2          5          1          5
  1875:          3          6          3          8          1
  1880:          4          3          3          3          3
  1885:          2          2          3          0          2
  1890:          0          1          4          4          0
  1895:          3          1          4          3          6
  1900:          1          4          8          2          3
  1905:          2          1          5          6          2
  1910:          5          2          5          4          5
  1915:         10          6          6          7          8
  1920:          8          6          4          3          3
  1925:          1          2          3          4          4
  1930:          7          6          6          4          7
  1935:          2          4          7          6          9
  1940:         11          9         12          6          6
  1945:          7         13          6         13         10
  1950:         11          7          5          9         11
  1955:         11         11          9          6         11
  1960:         14          8         11         13          9
  1965:         12         16          8         13         12
  1970:         10         10          7         14         10
  1975:          7         14         13         12         15
  1980:         12         13         10         11          9
  1985:         18         11          9          9         18
  1990:         12         16         13          8         11
  1995:          7         16          7          9         13
  2000:          8         16         17          2          8
  2005:          9         14          9          5         12
  2010:          6         11         11         12         13
  2015:          7          0          0          0          0
  2020:          0          0          0          0          0
  2025:          0          0          0          0          0
  2030:          0          0          0          0          0
  2035:          0          0          0          0          0
  2040:          0          0          0          0          0
  2045:          0          0          0
